 
       0.005     937.648
       0.010    1874.265
       0.015    2809.853
       0.020    3744.414
       0.025    4677.950
       0.030    5610.461
       0.035    6541.950
       0.040    7472.417
       0.045    8213.431
       0.050    9036.857
       0.055    9810.952
       0.060   10508.761
       0.065   11109.964
       0.070   11605.479
       0.075   11998.170
       0.080   12300.158
       0.085   12529.023
       0.090   12703.728
       0.095   12841.431
       0.100   12955.588
       0.105   13055.329
       0.110   13145.846
       0.115   13229.337
       0.120   13306.163
       0.125   13375.879
       0.130   13438.018
       0.135   13492.527
       0.140   13539.911
       0.145   13581.151
       0.150   13617.495
       0.155   13650.221
       0.160   13680.429
       0.165   13708.918
       0.170   13736.132
       0.175   13762.199
       0.180   13787.000
       0.185   13810.284
       0.190   13831.768
       0.195   13851.235
       0.200   13868.586
       0.205   13883.869
       0.210   13897.272
       0.215   13909.087
       0.220   13919.662
       0.225   13929.346
       0.230   13938.444
       0.235   13947.194
       0.240   13955.749
       0.245   13964.176
       0.250   13972.458
       0.255   13980.514
       0.260   13988.220
       0.265   13995.434
       0.270   14002.021
       0.275   14007.877
       0.280   14012.939
       0.285   14017.199
       0.290   14020.701
       0.295   14023.537
       0.300   14025.831
       0.305   14027.712
       0.310   14029.294
       0.315   14030.661
       0.320   14031.871
       0.325   14032.961
       0.330   14033.956
       0.335   14034.869
       0.340   14035.699
       0.345   14036.431
       0.350   14037.038
       0.355   14037.488
       0.360   14037.748
       0.365   14037.794
       0.370   14037.621
       0.375   14037.244
       0.380   14036.695
       0.385   14036.010
       0.390   14035.221
       0.395   14034.345
       0.400   14033.382
       0.405   14032.322
       0.410   14031.144
       0.415   14029.815
       0.420   14027.963
       0.425   14026.140
       0.430   14023.994
       0.435   14022.077
       0.440   14018.430
       0.445   14016.445
       0.450   14013.548
       0.455   14010.675
       0.460   14003.492
       0.465   14004.045
       0.470   14000.541
       0.475   13998.076
       0.480   13993.457
       0.485   13989.326
       0.490   13984.581
       0.495   13980.504
       0.500   13975.354
       0.505   13970.424
       0.510   13964.736
       0.515   13959.029
       0.520   13952.976
       0.525   13946.694
       0.530   13940.117
       0.535   13933.266
       0.540   13926.042
       0.545   13918.556
       0.550   13910.692
       0.555   13902.554
       0.560   13894.051
       0.565   13885.216
       0.570   13876.036
       0.575   13866.359
       0.580   13856.366
       0.585   13845.891
       0.590   13835.065
       0.595   13823.743
       0.600   13812.027
       0.605   13799.802
       0.610   13787.159
       0.615   13774.008
       0.620   13760.404
       0.625   13746.285
       0.630   13731.660
       0.635   13716.560
       0.640   13700.868
       0.645   13684.601
       0.650   13667.905
       0.655   13650.593
       0.660   13632.832
       0.665   13614.475
       0.670   13595.654
       0.675   13576.299
       0.680   13556.474
       0.685   13536.144
       0.690   13515.381
       0.695   13494.174
       0.700   13472.553
       0.705   13451.110
       0.710   13428.167
       0.715   13405.558
       0.720   13382.313
       0.725   13359.249
       0.730   13335.927
       0.735   13311.759
       0.740   13287.907
       0.745   13263.533
       0.750   13239.425
       0.755   13214.421
       0.760   13189.744
       0.765   13164.833
       0.770   13139.881
       0.775   13114.714
       0.780   13089.782
       0.785   13064.461
       0.790   13039.362
       0.795   13013.993
       0.800   12988.651
       0.805   12963.337
       0.810   12937.847
       0.815   12912.364
       0.820   12886.854
       0.825   12861.296
       0.830   12835.785
       0.835   12810.125
       0.840   12784.469
       0.845   12758.793
       0.850   12735.268
       0.855   12709.159
       0.860   12683.473
       0.865   12657.527
       0.870   12631.951
       0.875   12605.572
       0.880   12580.180
       0.885   12554.299
       0.890   12528.026
       0.895   12501.705
       0.900   12476.277
       0.905   12449.863
       0.910   12424.184
       0.915   12397.669
       0.920   12371.620
       0.925   12345.564
       0.930   12319.428
       0.935   12293.090
       0.940   12266.954
       0.945   12240.665
       0.950   12214.606
       0.955   12188.146
       0.960   12161.599
       0.965   12135.224
       0.970   12108.574
       0.975   12081.983
       0.980   12055.329
       0.985   12028.442
       0.990   12001.508
       0.995   11974.433
       1.000   11947.316
