 
       0.005     937.648
       0.010    1874.265
       0.015    2809.853
       0.020    3744.414
       0.025    4677.950
       0.030    5610.461
       0.035    6541.950
       0.040    7472.417
       0.045    8213.381
       0.050    9036.738
       0.055    9810.661
       0.060   10508.058
       0.065   11108.506
       0.070   11602.644
       0.075   11993.343
       0.080   12292.713
       0.085   12518.458
       0.090   12689.730
       0.095   12823.827
       0.100   12934.296
       0.105   13030.299
       0.110   13117.007
       0.115   13196.582
       0.120   13269.350
       0.125   13334.855
       0.130   13392.640
       0.135   13442.680
       0.140   13485.516
       0.145   13522.164
       0.150   13553.901
       0.155   13582.014
       0.160   13607.602
       0.165   13631.447
       0.170   13653.976
       0.175   13675.298
       0.180   13695.283
       0.185   13713.670
       0.190   13730.179
       0.195   13744.596
       0.200   13756.837
       0.205   13766.962
       0.210   13775.185
       0.215   13781.825
       0.220   13787.262
       0.225   13791.851
       0.230   13795.878
       0.235   13799.535
       0.240   13802.936
       0.245   13806.124
       0.250   13809.067
       0.255   13811.662
       0.260   13813.742
       0.265   13815.061
       0.270   13815.227
       0.275   13813.245
       0.280   13809.931
       0.285   13804.637
       0.290   13800.107
       0.295   13793.825
       0.300   13786.852
       0.305   13778.792
       0.310   13769.921
       0.315   13760.269
       0.320   13749.887
       0.325   13738.627
       0.330   13726.403
       0.335   13713.278
       0.340   13699.366
       0.345   13684.722
       0.350   13669.341
       0.355   13653.235
       0.360   13636.430
       0.365   13618.927
       0.370   13600.708
       0.375   13581.776
       0.380   13562.236
       0.385   13542.222
       0.390   13521.658
       0.395   13500.608
       0.400   13479.130
       0.405   13457.155
       0.410   13434.847
       0.415   13412.185
       0.420   13389.282
       0.425   13366.126
       0.430   13342.829
       0.435   13319.363
       0.440   13295.778
       0.445   13272.101
       0.450   13248.373
       0.455   13224.632
       0.460   13200.909
       0.465   13177.226
       0.470   13153.868
       0.475   13130.389
       0.480   13107.140
       0.485   13084.096
       0.490   13060.923
       0.495   13038.115
       0.500   13015.156
       0.505   12992.604
       0.510   12969.990
       0.515   12947.723
       0.520   12925.123
       0.525   12903.122
       0.530   12881.083
       0.535   12859.267
       0.540   12837.698
       0.545   12816.117
       0.550   12794.711
       0.555   12773.443
       0.560   12752.368
       0.565   12733.954
       0.570   12712.954
       0.575   12691.836
       0.580   12671.380
       0.585   12650.445
       0.590   12630.163
       0.595   12609.781
       0.600   12589.291
       0.605   12569.004
       0.610   12548.833
       0.615   12528.798
       0.620   12508.676
       0.625   12489.010
       0.630   12468.595
       0.635   12448.952
       0.640   12428.763
       0.645   12408.975
       0.650   12389.133
       0.655   12369.345
       0.660   12349.411
       0.665   12329.782
       0.670   12309.743
       0.675   12290.081
       0.680   12269.888
       0.685   12250.066
       0.690   12229.920
       0.695   12209.882
       0.700   12189.603
       0.705   12169.479
       0.710   12148.983
       0.715   12128.664
       0.720   12107.905
       0.725   12087.346
       0.730   12066.436
       0.735   12045.153
       0.740   12023.977
       0.745   12002.635
       0.750   11981.249
       0.755   11959.594
       0.760   11937.639
       0.765   11915.681
       0.770   11893.148
       0.775   11870.895
       0.780   11848.044
       0.785   11824.976
       0.790   11801.630
       0.795   11778.154
       0.800   11754.228
       0.805   11730.166
       0.810   11705.947
       0.815   11681.261
       0.820   11656.090
       0.825   11630.833
       0.830   11604.933
       0.835   11578.836
       0.840   11552.400
       0.845   11525.485
       0.850   11498.264
       0.855   11470.937
       0.860   11443.124
       0.865   11414.632
       0.870   11385.929
       0.875   11357.017
       0.880   11327.419
       0.885   11297.879
       0.890   11267.494
       0.895   11237.050
       0.900   11205.991
       0.905   11174.439
       0.910   11142.579
       0.915   11110.347
       0.920   11077.679
       0.925   11044.602
       0.930   11011.001
       0.935   10977.161
       0.940   10942.744
       0.945   10908.043
       0.950   10872.969
       0.955   10837.291
       0.960   10801.096
       0.965   10764.429
       0.970   10727.573
       0.975   10690.716
       0.980   10652.551
       0.985   10614.404
       0.990   10575.985
       0.995   10537.073
       1.000   10497.813
