 
       0.005     937.648
       0.010    1874.265
       0.015    2809.853
       0.020    3744.414
       0.025    4677.950
       0.030    5610.461
       0.035    6541.950
       0.040    7472.417
       0.045    8213.432
       0.050    9036.859
       0.055    9810.958
       0.060   10508.775
       0.065   11109.993
       0.070   11605.535
       0.075   11998.266
       0.080   12300.307
       0.085   12529.235
       0.090   12704.010
       0.095   12841.790
       0.100   12956.024
       0.105   13055.846
       0.110   13146.446
       0.115   13230.024
       0.120   13306.941
       0.125   13376.752
       0.130   13438.991
       0.135   13493.605
       0.140   13541.096
       0.145   13582.446
       0.150   13618.903
       0.155   13651.743
       0.160   13682.068
       0.165   13710.675
       0.170   13738.011
       0.175   13764.203
       0.180   13789.132
       0.185   13812.549
       0.190   13834.170
       0.195   13853.778
       0.200   13871.272
       0.205   13886.703
       0.210   13900.256
       0.215   13912.224
       0.220   13922.954
       0.225   13932.794
       0.230   13942.051
       0.235   13950.964
       0.240   13959.685
       0.245   13968.281
       0.250   13976.738
       0.255   13984.973
       0.260   13992.863
       0.265   14000.265
       0.270   14007.047
       0.275   14013.103
       0.280   14018.372
       0.285   14022.845
       0.290   14026.565
       0.295   14029.622
       0.300   14032.138
       0.305   14034.239
       0.310   14036.037
       0.315   14037.619
       0.320   14039.045
       0.325   14040.357
       0.330   14041.584
       0.335   14042.739
       0.340   14043.823
       0.345   14044.823
       0.350   14045.714
       0.355   14046.461
       0.360   14047.033
       0.365   14047.408
       0.370   14047.577
       0.375   14047.549
       0.380   14047.349
       0.385   14047.011
       0.390   14046.564
       0.395   14046.033
       0.400   14045.429
       0.405   14044.752
       0.410   14043.999
       0.415   14043.159
       0.420   14042.218
       0.425   14041.159
       0.430   14039.962
       0.435   14038.605
       0.440   14036.720
       0.445   14034.558
       0.450   14032.593
       0.455   14030.821
       0.460   14028.628
       0.465   14025.665
       0.470   14024.732
       0.475   14021.636
       0.480   14014.314
       0.485   14016.175
       0.490   14012.773
       0.495   14009.093
       0.500   14004.476
       0.505   14003.563
       0.510   13998.800
       0.515   13995.651
       0.520   13991.543
       0.525   13987.365
       0.530   13982.537
       0.535   13978.264
       0.540   13973.125
       0.545   13968.205
       0.550   13962.795
       0.555   13957.254
       0.560   13951.442
       0.565   13945.442
       0.570   13939.151
       0.575   13932.681
       0.580   13925.895
       0.585   13918.921
       0.590   13911.598
       0.595   13904.037
       0.600   13896.130
       0.605   13887.882
       0.610   13879.321
       0.615   13870.415
       0.620   13861.187
       0.625   13851.532
       0.630   13841.572
       0.635   13831.128
       0.640   13820.332
       0.645   13809.048
       0.650   13797.371
       0.655   13785.171
       0.660   13772.493
       0.665   13759.296
       0.670   13745.567
       0.675   13731.287
       0.680   13716.533
       0.685   13701.049
       0.690   13685.094
       0.695   13668.410
       0.700   13651.211
       0.705   13633.247
       0.710   13614.739
       0.715   13595.486
       0.720   13575.652
       0.725   13555.134
       0.730   13533.976
       0.735   13512.174
       0.740   13489.737
       0.745   13468.891
       0.750   13443.028
       0.755   13418.670
       0.760   13393.866
       0.765   13368.959
       0.770   13342.900
       0.775   13316.929
       0.780   13290.212
       0.785   13263.326
       0.790   13235.629
       0.795   13208.243
       0.800   13179.910
       0.805   13151.590
       0.810   13123.249
       0.815   13094.650
       0.820   13065.900
       0.825   13037.061
       0.830   13007.939
       0.835   12978.756
       0.840   12949.511
       0.845   12920.121
       0.850   12890.717
       0.855   12861.054
       0.860   12831.433
       0.865   12801.665
       0.870   12774.383
       0.875   12743.930
       0.880   12713.850
       0.885   12683.594
       0.890   12653.315
       0.895   12623.061
       0.900   12592.776
       0.905   12561.679
       0.910   12531.430
       0.915   12500.707
       0.920   12469.720
       0.925   12438.438
       0.930   12407.925
       0.935   12376.378
       0.940   12345.540
       0.945   12314.178
       0.950   12282.955
       0.955   12251.420
       0.960   12220.104
       0.965   12188.626
       0.970   12157.034
       0.975   12125.498
       0.980   12093.882
       0.985   12062.224
       0.990   12030.603
       0.995   11998.768
       1.000   11966.917
