 
       0.005     937.648
       0.010    1874.265
       0.015    2809.853
       0.020    3744.414
       0.025    4677.950
       0.030    5610.461
       0.035    6541.950
       0.040    7472.417
       0.045    8213.386
       0.050    9036.750
       0.055    9810.691
       0.060   10508.130
       0.065   11108.662
       0.070   11602.947
       0.075   11993.871
       0.080   12293.549
       0.085   12519.679
       0.090   12691.397
       0.095   12825.986
       0.100   12936.983
       0.105   13033.549
       0.110   13120.856
       0.115   13201.073
       0.120   13274.531
       0.125   13340.779
       0.130   13399.360
       0.135   13450.245
       0.140   13493.973
       0.145   13531.555
       0.150   13564.261
       0.155   13593.378
       0.160   13620.005
       0.165   13644.926
       0.170   13668.573
       0.175   13691.058
       0.180   13712.254
       0.185   13731.903
       0.190   13749.727
       0.195   13765.514
       0.200   13779.175
       0.205   13790.774
       0.210   13800.515
       0.215   13808.709
       0.220   13815.718
       0.225   13821.891
       0.230   13827.519
       0.235   13832.815
       0.240   13837.914
       0.245   13842.871
       0.250   13847.668
       0.255   13852.217
       0.260   13856.389
       0.265   13860.031
       0.270   13862.988
       0.275   13865.121
       0.280   13866.318
       0.285   13866.527
       0.290   13865.241
       0.295   13863.934
       0.300   13861.573
       0.305   13860.169
       0.310   13858.974
       0.315   13856.029
       0.320   13853.075
       0.325   13849.265
       0.330   13846.476
       0.335   13842.022
       0.340   13838.653
       0.345   13833.814
       0.350   13828.625
       0.355   13821.874
       0.360   13817.676
       0.365   13811.381
       0.370   13805.475
       0.375   13799.232
       0.380   13792.900
       0.385   13786.290
       0.390   13779.556
       0.395   13772.525
       0.400   13765.476
       0.405   13758.118
       0.410   13750.723
       0.415   13743.113
       0.420   13735.413
       0.425   13727.549
       0.430   13719.640
       0.435   13711.675
       0.440   13703.553
       0.445   13695.414
       0.450   13687.128
       0.455   13678.795
       0.460   13670.337
       0.465   13661.865
       0.470   13653.250
       0.475   13644.664
       0.480   13635.914
       0.485   13627.229
       0.490   13618.393
       0.495   13609.644
       0.500   13600.732
       0.505   13591.968
       0.510   13582.916
       0.515   13574.031
       0.520   13564.873
       0.525   13555.867
       0.530   13546.670
       0.535   13537.586
       0.540   13528.318
       0.545   13519.158
       0.550   13509.846
       0.555   13500.637
       0.560   13491.186
       0.565   13481.858
       0.570   13472.389
       0.575   13462.973
       0.580   13453.416
       0.585   13443.886
       0.590   13434.256
       0.595   13424.636
       0.600   13414.893
       0.605   13405.230
       0.610   13395.349
       0.615   13385.569
       0.620   13375.639
       0.625   13365.739
       0.630   13355.692
       0.635   13345.666
       0.640   13335.500
       0.645   13325.348
       0.650   13315.310
       0.655   13305.410
       0.660   13294.987
       0.665   13284.546
       0.670   13274.032
       0.675   13263.620
       0.680   13252.845
       0.685   13242.343
       0.690   13231.531
       0.695   13220.722
       0.700   13209.701
       0.705   13198.929
       0.710   13187.506
       0.715   13176.721
       0.720   13165.321
       0.725   13154.155
       0.730   13142.525
       0.735   13130.931
       0.740   13119.329
       0.745   13107.402
       0.750   13096.085
       0.755   13084.006
       0.760   13072.067
       0.765   13059.984
       0.770   13047.833
       0.775   13035.658
       0.780   13023.519
       0.785   13010.776
       0.790   12998.004
       0.795   12985.737
       0.800   12972.734
       0.805   12960.195
       0.810   12946.890
       0.815   12934.363
       0.820   12920.593
       0.825   12907.719
       0.830   12893.889
       0.835   12880.408
       0.840   12866.671
       0.845   12853.170
       0.850   12838.965
       0.855   12825.235
       0.860   12810.936
       0.865   12796.794
       0.870   12782.307
       0.875   12767.973
       0.880   12753.191
       0.885   12738.601
       0.890   12723.619
       0.895   12708.792
       0.900   12693.589
       0.905   12678.399
       0.910   12662.759
       0.915   12647.394
       0.920   12631.568
       0.925   12615.910
       0.930   12599.744
       0.935   12583.749
       0.940   12567.392
       0.945   12550.996
       0.950   12534.287
       0.955   12517.391
       0.960   12500.632
       0.965   12483.366
       0.970   12466.335
       0.975   12448.760
       0.980   12431.358
       0.985   12413.431
       0.990   12395.693
       0.995   12377.403
       1.000   12359.065
