 
       0.005     937.648
       0.010    1874.265
       0.015    2809.853
       0.020    3744.414
       0.025    4677.950
       0.030    5610.461
       0.035    6541.950
       0.040    7472.417
       0.045    8213.420
       0.050    9036.830
       0.055    9810.887
       0.060   10508.606
       0.065   11109.635
       0.070   11604.846
       0.075   11997.092
       0.080   12298.498
       0.085   12526.668
       0.090   12700.611
       0.095   12837.514
       0.100   12950.854
       0.105   13049.769
       0.110   13139.446
       0.115   13222.075
       0.120   13298.008
       0.125   13366.800
       0.130   13427.986
       0.135   13481.517
       0.140   13527.909
       0.145   13568.148
       0.150   13603.491
       0.155   13635.216
       0.160   13664.424
       0.165   13691.910
       0.170   13718.115
       0.175   13743.162
       0.180   13766.931
       0.185   13789.168
       0.190   13809.593
       0.195   13827.988
       0.200   13844.257
       0.205   13858.454
       0.210   13870.770
       0.215   13881.502
       0.220   13891.001
       0.225   13899.616
       0.230   13907.649
       0.235   13915.333
       0.240   13922.817
       0.245   13930.165
       0.250   13937.358
       0.255   13944.317
       0.260   13950.914
       0.265   13957.007
       0.270   13962.461
       0.275   13967.167
       0.280   13971.062
       0.285   13974.138
       0.290   13976.443
       0.295   13978.087
       0.300   13979.214
       0.305   13979.976
       0.310   13980.491
       0.315   13980.830
       0.320   13981.028
       0.325   13981.096
       0.330   13981.035
       0.335   13980.837
       0.340   13980.488
       0.345   13979.957
       0.350   13979.205
       0.355   13978.185
       0.360   13976.319
       0.365   13974.613
       0.370   13972.461
       0.375   13971.176
       0.380   13969.227
       0.385   13966.609
       0.390   13964.033
       0.395   13957.594
       0.400   13958.700
       0.405   13954.119
       0.410   13951.473
       0.415   13947.704
       0.420   13939.728
       0.425   13940.430
       0.430   13935.977
       0.435   13930.977
       0.440   13926.949
       0.445   13921.576
       0.450   13916.642
       0.455   13911.082
       0.460   13906.083
       0.465   13899.974
       0.470   13894.368
       0.475   13888.151
       0.480   13882.025
       0.485   13875.551
       0.490   13869.047
       0.495   13862.331
       0.500   13855.508
       0.505   13848.457
       0.510   13841.307
       0.515   13834.037
       0.520   13826.515
       0.525   13819.007
       0.530   13811.238
       0.535   13803.510
       0.540   13795.486
       0.545   13787.500
       0.550   13779.250
       0.555   13771.043
       0.560   13762.599
       0.565   13754.150
       0.570   13745.508
       0.575   13736.861
       0.580   13728.030
       0.585   13719.213
       0.590   13710.235
       0.595   13701.244
       0.600   13692.126
       0.605   13682.996
       0.610   13673.785
       0.615   13664.404
       0.620   13655.050
       0.625   13645.524
       0.630   13636.063
       0.635   13626.382
       0.640   13616.764
       0.645   13606.978
       0.650   13597.263
       0.655   13587.370
       0.660   13577.549
       0.665   13567.495
       0.670   13557.565
       0.675   13547.395
       0.680   13537.348
       0.685   13527.041
       0.690   13516.863
       0.695   13506.445
       0.700   13496.117
       0.705   13485.621
       0.710   13475.176
       0.715   13464.574
       0.720   13454.009
       0.725   13444.391
       0.730   13433.430
       0.735   13422.543
       0.740   13411.385
       0.745   13400.614
       0.750   13389.617
       0.755   13378.628
       0.760   13367.369
       0.765   13356.467
       0.770   13345.091
       0.775   13333.914
       0.780   13322.284
       0.785   13311.101
       0.790   13299.172
       0.795   13287.617
       0.800   13275.901
       0.805   13264.262
       0.810   13252.331
       0.815   13240.634
       0.820   13228.265
       0.825   13216.401
       0.830   13204.111
       0.835   13191.889
       0.840   13179.445
       0.845   13167.167
       0.850   13154.391
       0.855   13141.913
       0.860   13129.153
       0.865   13116.665
       0.870   13103.614
       0.875   13090.856
       0.880   13077.443
       0.885   13064.486
       0.890   13051.093
       0.895   13038.097
       0.900   13024.263
       0.905   13010.855
       0.910   12997.154
       0.915   12983.688
       0.920   12969.592
       0.925   12955.848
       0.930   12941.655
       0.935   12927.658
       0.940   12913.220
       0.945   12899.010
       0.950   12884.469
       0.955   12870.019
       0.960   12855.195
       0.965   12840.537
       0.970   12825.521
       0.975   12810.532
       0.980   12795.306
       0.985   12779.980
       0.990   12764.665
       0.995   12749.116
       1.000   12733.678
