 
       0.005     937.648
       0.010    1874.265
       0.015    2809.853
       0.020    3744.414
       0.025    4677.950
       0.030    5610.461
       0.035    6541.950
       0.040    7472.417
       0.045    8213.432
       0.050    9036.859
       0.055    9810.957
       0.060   10508.774
       0.065   11109.991
       0.070   11605.531
       0.075   11998.259
       0.080   12300.297
       0.085   12529.220
       0.090   12703.991
       0.095   12841.765
       0.100   12955.995
       0.105   13055.810
       0.110   13146.405
       0.115   13229.977
       0.120   13306.887
       0.125   13376.692
       0.130   13438.923
       0.135   13493.529
       0.140   13541.013
       0.145   13582.355
       0.150   13618.804
       0.155   13651.635
       0.160   13681.952
       0.165   13710.550
       0.170   13737.877
       0.175   13764.059
       0.180   13788.979
       0.185   13812.385
       0.190   13833.996
       0.195   13853.592
       0.200   13871.076
       0.205   13886.495
       0.210   13900.036
       0.215   13911.992
       0.220   13922.709
       0.225   13932.536
       0.230   13941.781
       0.235   13950.680
       0.240   13959.387
       0.245   13967.970
       0.250   13976.411
       0.255   13984.632
       0.260   13992.506
       0.265   13999.892
       0.270   14006.658
       0.275   14012.696
       0.280   14017.947
       0.285   14022.401
       0.290   14026.102
       0.295   14029.140
       0.300   14031.636
       0.305   14033.716
       0.310   14035.495
       0.315   14037.057
       0.320   14038.463
       0.325   14039.755
       0.330   14040.959
       0.335   14042.092
       0.340   14043.152
       0.345   14044.127
       0.350   14044.990
       0.355   14045.709
       0.360   14046.252
       0.365   14046.595
       0.370   14046.730
       0.375   14046.668
       0.380   14046.434
       0.385   14046.061
       0.390   14045.581
       0.395   14045.015
       0.400   14044.376
       0.405   14043.663
       0.410   14042.870
       0.415   14041.986
       0.420   14040.995
       0.425   14039.877
       0.430   14038.610
       0.435   14036.879
       0.440   14035.298
       0.445   14033.103
       0.450   14030.589
       0.455   14029.510
       0.460   14027.741
       0.465   14024.981
       0.470   14022.385
       0.475   14019.135
       0.480   14016.770
       0.485   14012.957
       0.490   14010.001
       0.495   14005.264
       0.500   14003.870
       0.505   13998.967
       0.510   13996.024
       0.515   13991.523
       0.520   13987.981
       0.525   13982.729
       0.530   13978.478
       0.535   13973.165
       0.540   13968.164
       0.545   13962.552
       0.550   13956.998
       0.555   13951.064
       0.560   13944.902
       0.565   13938.436
       0.570   13931.751
       0.575   13924.734
       0.580   13917.500
       0.585   13909.905
       0.590   13902.039
       0.595   13893.766
       0.600   13885.190
       0.605   13876.191
       0.610   13866.856
       0.615   13857.098
       0.620   13846.956
       0.625   13836.324
       0.630   13825.301
       0.635   13813.740
       0.640   13801.734
       0.645   13789.175
       0.650   13776.099
       0.655   13762.409
       0.660   13748.143
       0.665   13733.242
       0.670   13717.819
       0.675   13701.531
       0.680   13684.706
       0.685   13667.094
       0.690   13648.760
       0.695   13629.696
       0.700   13609.856
       0.705   13589.244
       0.710   13567.851
       0.715   13545.703
       0.720   13522.762
       0.725   13499.062
       0.730   13474.935
       0.735   13449.603
       0.740   13423.110
       0.745   13396.539
       0.750   13369.542
       0.755   13341.187
       0.760   13312.715
       0.765   13283.641
       0.770   13253.894
       0.775   13223.850
       0.780   13193.133
       0.785   13162.454
       0.790   13131.259
       0.795   13099.780
       0.800   13068.197
       0.805   13036.299
       0.810   13004.403
       0.815   12972.122
       0.820   12939.723
       0.825   12911.004
       0.830   12878.056
       0.835   12844.631
       0.840   12811.924
       0.845   12778.420
       0.850   12745.638
       0.855   12711.877
       0.860   12678.809
       0.865   12645.466
       0.870   12611.928
       0.875   12578.226
       0.880   12544.576
       0.885   12510.265
       0.890   12476.596
       0.895   12442.655
       0.900   12407.988
       0.905   12373.941
       0.910   12339.512
       0.915   12305.105
       0.920   12270.485
       0.925   12236.025
       0.930   12201.172
       0.935   12166.612
       0.940   12131.883
       0.945   12097.113
       0.950   12062.221
       0.955   12027.262
       0.960   11992.456
       0.965   11957.402
       0.970   11922.439
       0.975   11887.332
       0.980   11852.084
       0.985   11816.900
       0.990   11781.744
       0.995   11746.388
       1.000   11710.799
