 
       0.005     937.648
       0.010    1874.265
       0.015    2809.853
       0.020    3744.414
       0.025    4677.950
       0.030    5610.461
       0.035    6541.950
       0.040    7472.417
       0.045    8213.432
       0.050    9036.860
       0.055    9810.960
       0.060   10508.782
       0.065   11110.007
       0.070   11605.561
       0.075   11998.310
       0.080   12300.375
       0.085   12529.333
       0.090   12704.141
       0.095   12841.956
       0.100   12956.227
       0.105   13056.087
       0.110   13146.727
       0.115   13230.346
       0.120   13307.306
       0.125   13377.164
       0.130   13439.451
       0.135   13494.116
       0.140   13541.660
       0.145   13583.065
       0.150   13619.577
       0.155   13652.474
       0.160   13682.858
       0.165   13711.525
       0.170   13738.923
       0.175   13765.178
       0.180   13790.174
       0.185   13813.659
       0.190   13835.351
       0.195   13855.032
       0.200   13872.602
       0.205   13888.111
       0.210   13901.744
       0.215   13913.794
       0.220   13924.606
       0.225   13934.531
       0.230   13943.876
       0.235   13952.877
       0.240   13961.689
       0.245   13970.380
       0.250   13978.934
       0.255   13987.269
       0.260   13995.263
       0.265   14002.773
       0.270   14009.666
       0.275   14015.837
       0.280   14021.225
       0.285   14025.820
       0.290   14029.667
       0.295   14032.855
       0.300   14035.502
       0.305   14037.733
       0.310   14039.661
       0.315   14041.373
       0.320   14042.931
       0.325   14044.379
       0.330   14045.748
       0.335   14047.052
       0.340   14048.295
       0.345   14049.461
       0.350   14050.525
       0.355   14051.456
       0.360   14052.222
       0.365   14052.799
       0.370   14053.178
       0.375   14053.365
       0.380   14053.383
       0.385   14053.262
       0.390   14053.031
       0.395   14052.714
       0.400   14052.327
       0.405   14051.874
       0.410   14051.357
       0.415   14050.770
       0.420   14050.110
       0.425   14049.366
       0.430   14048.529
       0.435   14047.590
       0.440   14046.537
       0.445   14045.362
       0.450   14044.064
       0.455   14042.652
       0.460   14040.929
       0.465   14039.158
       0.470   14037.557
       0.475   14035.471
       0.480   14033.521
       0.485   14031.175
       0.490   14030.124
       0.495   14027.841
       0.500   14025.276
       0.505   14022.160
       0.510   14016.307
       0.515   14016.929
       0.520   14005.341
       0.525   14011.267
       0.530   14007.917
       0.535   14004.963
       0.540   14002.774
       0.545   13998.823
       0.550   13995.083
       0.555   13991.229
       0.560   13987.240
       0.565   13983.665
       0.570   13979.924
       0.575   13975.301
       0.580   13971.581
       0.585   13966.538
       0.590   13962.584
       0.595   13957.601
       0.600   13952.838
       0.605   13947.639
       0.610   13942.668
       0.615   13937.384
       0.620   13931.987
       0.625   13926.385
       0.630   13920.745
       0.635   13914.920
       0.640   13908.665
       0.645   13902.481
       0.650   13896.026
       0.655   13889.494
       0.660   13882.638
       0.665   13875.700
       0.670   13868.446
       0.675   13861.086
       0.680   13853.359
       0.685   13845.518
       0.690   13837.310
       0.695   13828.929
       0.700   13820.167
       0.705   13811.206
       0.710   13801.826
       0.715   13792.212
       0.720   13782.163
       0.725   13771.813
       0.730   13761.014
       0.735   13749.826
       0.740   13738.149
       0.745   13726.010
       0.750   13713.332
       0.755   13700.131
       0.760   13686.345
       0.765   13672.041
       0.770   13656.903
       0.775   13641.214
       0.780   13624.683
       0.785   13607.422
       0.790   13589.334
       0.795   13570.365
       0.800   13550.496
       0.805   13529.660
       0.810   13507.855
       0.815   13484.976
       0.820   13462.076
       0.825   13436.221
       0.830   13409.434
       0.835   13381.748
       0.840   13353.445
       0.845   13323.469
       0.850   13292.525
       0.855   13260.572
       0.860   13227.156
       0.865   13193.339
       0.870   13158.263
       0.875   13122.203
       0.880   13085.559
       0.885   13048.264
       0.890   13010.290
       0.895   12971.940
       0.900   12932.911
       0.905   12893.522
       0.910   12853.793
       0.915   12813.726
       0.920   12773.371
       0.925   12732.608
       0.930   12694.432
       0.935   12652.463
       0.940   12611.400
       0.945   12568.794
       0.950   12526.313
       0.955   12483.838
       0.960   12440.884
       0.965   12397.781
       0.970   12354.418
       0.975   12310.825
       0.980   12266.698
       0.985   12222.457
       0.990   12177.887
       0.995   12132.759
       1.000   12087.624
