 
       0.005     937.648
       0.010    1874.265
       0.015    2809.853
       0.020    3744.414
       0.025    4677.950
       0.030    5610.461
       0.035    6541.950
       0.040    7472.417
       0.045    8213.432
       0.050    9036.860
       0.055    9810.960
       0.060   10508.782
       0.065   11110.006
       0.070   11605.560
       0.075   11998.308
       0.080   12300.372
       0.085   12529.328
       0.090   12704.136
       0.095   12841.948
       0.100   12956.218
       0.105   13056.076
       0.110   13146.714
       0.115   13230.332
       0.120   13307.290
       0.125   13377.146
       0.130   13439.431
       0.135   13494.093
       0.140   13541.636
       0.145   13583.038
       0.150   13619.548
       0.155   13652.443
       0.160   13682.824
       0.165   13711.488
       0.170   13738.884
       0.175   13765.136
       0.180   13790.129
       0.185   13813.611
       0.190   13835.300
       0.195   13854.978
       0.200   13872.545
       0.205   13888.051
       0.210   13901.680
       0.215   13913.727
       0.220   13924.536
       0.225   13934.458
       0.230   13943.799
       0.235   13952.796
       0.240   13961.605
       0.245   13970.292
       0.250   13978.842
       0.255   13987.174
       0.260   13995.163
       0.265   14002.669
       0.270   14009.557
       0.275   14015.724
       0.280   14021.107
       0.285   14025.698
       0.290   14029.540
       0.295   14032.723
       0.300   14035.365
       0.305   14037.591
       0.310   14039.514
       0.315   14041.221
       0.320   14042.775
       0.325   14044.218
       0.330   14045.582
       0.335   14046.881
       0.340   14048.118
       0.345   14049.278
       0.350   14050.337
       0.355   14051.261
       0.360   14052.020
       0.365   14052.590
       0.370   14052.963
       0.375   14053.143
       0.380   14053.155
       0.385   14053.026
       0.390   14052.789
       0.395   14052.466
       0.400   14052.071
       0.405   14051.612
       0.410   14051.088
       0.415   14050.495
       0.420   14049.827
       0.425   14049.075
       0.430   14048.230
       0.435   14047.282
       0.440   14046.218
       0.445   14045.031
       0.450   14043.721
       0.455   14042.297
       0.460   14040.297
       0.465   14038.763
       0.470   14037.221
       0.475   14035.131
       0.480   14033.085
       0.485   14030.909
       0.490   14029.312
       0.495   14026.929
       0.500   14024.479
       0.505   14020.631
       0.510   14019.157
       0.515   14013.756
       0.520   14013.224
       0.525   14009.785
       0.530   14007.304
       0.535   14003.555
       0.540   14001.635
       0.545   13997.828
       0.550   13994.486
       0.555   13990.487
       0.560   13986.960
       0.565   13982.745
       0.570   13978.573
       0.575   13974.487
       0.580   13970.788
       0.585   13966.011
       0.590   13961.943
       0.595   13956.909
       0.600   13952.469
       0.605   13947.379
       0.610   13942.434
       0.615   13937.102
       0.620   13931.943
       0.625   13926.331
       0.630   13920.754
       0.635   13915.067
       0.640   13909.110
       0.645   13903.153
       0.650   13896.943
       0.655   13890.684
       0.660   13884.158
       0.665   13877.582
       0.670   13870.759
       0.675   13863.870
       0.680   13856.695
       0.685   13849.479
       0.690   13841.940
       0.695   13834.353
       0.700   13826.451
       0.705   13818.468
       0.710   13810.199
       0.715   13801.834
       0.720   13793.167
       0.725   13784.412
       0.730   13775.303
       0.735   13766.088
       0.740   13756.545
       0.745   13746.848
       0.750   13736.845
       0.755   13726.652
       0.760   13716.174
       0.765   13705.482
       0.770   13694.570
       0.775   13683.206
       0.780   13671.815
       0.785   13659.954
       0.790   13648.008
       0.795   13635.565
       0.800   13623.039
       0.805   13610.079
       0.810   13596.941
       0.815   13583.448
       0.820   13569.762
       0.825   13555.690
       0.830   13541.444
       0.835   13526.850
       0.840   13512.057
       0.845   13496.969
       0.850   13482.400
       0.855   13466.597
       0.860   13450.412
       0.865   13434.737
       0.870   13418.108
       0.875   13401.889
       0.880   13384.817
       0.885   13368.155
       0.890   13350.715
       0.895   13333.721
       0.900   13315.991
       0.905   13298.566
       0.910   13280.595
       0.915   13262.939
       0.920   13244.627
       0.925   13226.724
       0.930   13208.161
       0.935   13189.866
       0.940   13171.151
       0.945   13152.468
       0.950   13133.704
       0.955   13114.985
       0.960   13095.621
       0.965   13076.882
       0.970   13057.273
       0.975   13038.014
       0.980   13018.546
       0.985   12999.138
       0.990   12979.348
       0.995   12959.714
       1.000   12939.764
