 
       0.005     937.648
       0.010    1874.265
       0.015    2809.853
       0.020    3744.414
       0.025    4677.950
       0.030    5610.461
       0.035    6541.950
       0.040    7472.417
       0.045    8213.422
       0.050    9036.837
       0.055    9810.903
       0.060   10508.646
       0.065   11109.716
       0.070   11605.007
       0.075   11997.368
       0.080   12298.925
       0.085   12527.278
       0.090   12701.425
       0.095   12838.545
       0.100   12952.109
       0.105   13051.255
       0.110   13141.169
       0.115   13224.045
       0.120   13300.238
       0.125   13369.302
       0.130   13430.771
       0.135   13484.598
       0.140   13531.293
       0.145   13571.843
       0.150   13607.501
       0.155   13639.546
       0.160   13669.079
       0.165   13696.894
       0.170   13723.436
       0.175   13748.828
       0.180   13772.950
       0.185   13795.550
       0.190   13816.346
       0.195   13835.122
       0.200   13851.781
       0.205   13866.374
       0.210   13879.093
       0.215   13890.231
       0.220   13900.140
       0.225   13909.167
       0.230   13917.617
       0.235   13925.723
       0.240   13933.637
       0.245   13941.422
       0.250   13949.064
       0.255   13956.481
       0.260   13963.546
       0.265   13970.119
       0.270   13976.066
       0.275   13981.279
       0.280   13985.699
       0.285   13989.316
       0.290   13992.180
       0.295   13994.390
       0.300   13996.078
       0.305   13997.384
       0.310   13998.422
       0.315   13999.269
       0.320   13999.972
       0.325   14000.557
       0.330   14001.038
       0.335   14001.425
       0.340   14001.713
       0.345   14001.889
       0.350   14001.927
       0.355   14001.794
       0.360   14001.459
       0.365   14000.907
       0.370   14000.147
       0.375   13999.211
       0.380   13998.143
       0.385   13996.977
       0.390   13995.729
       0.395   13994.394
       0.400   13992.846
       0.405   13991.071
       0.410   13989.293
       0.415   13986.951
       0.420   13985.213
       0.425   13981.789
       0.430   13980.467
       0.435   13977.271
       0.440   13974.089
       0.445   13966.525
       0.450   13968.106
       0.455   13964.861
       0.460   13961.083
       0.465   13958.553
       0.470   13955.320
       0.475   13950.798
       0.480   13947.626
       0.485   13943.221
       0.490   13939.073
       0.495   13934.374
       0.500   13929.791
       0.505   13925.507
       0.510   13921.322
       0.515   13916.173
       0.520   13911.446
       0.525   13906.210
       0.530   13901.295
       0.535   13896.043
       0.540   13890.592
       0.545   13885.161
       0.550   13879.623
       0.555   13873.880
       0.560   13868.143
       0.565   13862.442
       0.570   13856.418
       0.575   13850.459
       0.580   13844.191
       0.585   13838.031
       0.590   13831.654
       0.595   13825.318
       0.600   13818.762
       0.605   13812.261
       0.610   13805.539
       0.615   13798.876
       0.620   13791.989
       0.625   13785.199
       0.630   13778.122
       0.635   13771.168
       0.640   13763.958
       0.645   13756.833
       0.650   13749.465
       0.655   13742.156
       0.660   13734.647
       0.665   13727.171
       0.670   13719.522
       0.675   13711.903
       0.680   13704.109
       0.685   13696.335
       0.690   13688.402
       0.695   13680.484
       0.700   13672.398
       0.705   13664.338
       0.710   13656.094
       0.715   13647.865
       0.720   13639.541
       0.725   13631.070
       0.730   13622.610
       0.735   13613.963
       0.740   13605.359
       0.745   13596.573
       0.750   13587.837
       0.755   13578.879
       0.760   13569.999
       0.765   13560.875
       0.770   13551.804
       0.775   13542.536
       0.780   13533.306
       0.785   13523.885
       0.790   13514.513
       0.795   13504.905
       0.800   13495.385
       0.805   13485.607
       0.810   13475.919
       0.815   13466.137
       0.820   13456.696
       0.825   13446.996
       0.830   13436.381
       0.835   13426.159
       0.840   13415.747
       0.845   13405.357
       0.850   13395.796
       0.855   13384.876
       0.860   13374.465
       0.865   13363.520
       0.870   13352.761
       0.875   13341.844
       0.880   13331.030
       0.885   13319.576
       0.890   13308.687
       0.895   13297.285
       0.900   13285.933
       0.905   13274.670
       0.910   13263.212
       0.915   13250.973
       0.920   13239.779
       0.925   13227.555
       0.930   13215.896
       0.935   13203.570
       0.940   13191.734
       0.945   13179.196
       0.950   13167.161
       0.955   13154.457
       0.960   13142.117
       0.965   13129.296
       0.970   13116.820
       0.975   13103.691
       0.980   13091.172
       0.985   13077.567
       0.990   13064.654
       0.995   13051.220
       1.000   13038.025
