 
       0.005     937.648
       0.010    1874.265
       0.015    2809.853
       0.020    3744.414
       0.025    4677.950
       0.030    5610.461
       0.035    6541.950
       0.040    7472.417
       0.045    8213.429
       0.050    9036.851
       0.055    9810.939
       0.060   10508.730
       0.065   11109.897
       0.070   11605.348
       0.075   11997.946
       0.080   12299.813
       0.085   12528.532
       0.090   12703.077
       0.095   12840.612
       0.100   12954.594
       0.105   13054.159
       0.110   13144.497
       0.115   13227.803
       0.120   13304.435
       0.125   13373.951
       0.130   13435.882
       0.135   13490.177
       0.140   13537.343
       0.145   13578.361
       0.150   13614.483
       0.155   13646.985
       0.160   13676.970
       0.165   13705.232
       0.170   13732.218
       0.175   13758.053
       0.180   13782.618
       0.185   13805.663
       0.190   13826.903
       0.195   13846.122
       0.200   13863.222
       0.205   13878.252
       0.210   13891.401
       0.215   13902.961
       0.220   13913.282
       0.225   13922.711
       0.230   13931.556
       0.235   13940.050
       0.240   13948.348
       0.245   13956.514
       0.250   13964.534
       0.255   13972.323
       0.260   13979.760
       0.265   13986.700
       0.270   13993.011
       0.275   13998.585
       0.280   14003.362
       0.285   14007.333
       0.290   14010.543
       0.295   14013.088
       0.300   14015.096
       0.305   14016.699
       0.310   14018.014
       0.315   14019.121
       0.320   14020.073
       0.325   14020.903
       0.330   14021.631
       0.335   14022.266
       0.340   14022.807
       0.345   14023.238
       0.350   14023.533
       0.355   14023.656
       0.360   14023.575
       0.365   14023.270
       0.370   14022.739
       0.375   14022.008
       0.380   14021.115
       0.385   14020.100
       0.390   14018.985
       0.395   14017.777
       0.400   14016.458
       0.405   14014.775
       0.410   14013.068
       0.415   14010.894
       0.420   14008.943
       0.425   14005.770
       0.430   14004.539
       0.435   14000.462
       0.440   13997.823
       0.445   13990.376
       0.450   13991.377
       0.455   13988.158
       0.460   13983.757
       0.465   13981.169
       0.470   13976.724
       0.475   13972.423
       0.480   13967.581
       0.485   13963.101
       0.490   13958.271
       0.495   13953.597
       0.500   13948.009
       0.505   13942.464
       0.510   13936.732
       0.515   13930.869
       0.520   13924.723
       0.525   13918.409
       0.530   13911.756
       0.535   13905.018
       0.540   13898.011
       0.545   13890.879
       0.550   13883.499
       0.555   13875.994
       0.560   13868.333
       0.565   13860.329
       0.570   13852.252
       0.575   13843.861
       0.580   13835.396
       0.585   13826.642
       0.590   13817.800
       0.595   13808.679
       0.600   13799.489
       0.605   13790.002
       0.610   13780.468
       0.615   13770.684
       0.620   13760.824
       0.625   13750.738
       0.630   13740.548
       0.635   13730.157
       0.640   13719.664
       0.645   13709.027
       0.650   13698.216
       0.655   13687.326
       0.660   13676.281
       0.665   13665.103
       0.670   13653.818
       0.675   13642.408
       0.680   13630.960
       0.685   13619.312
       0.690   13607.665
       0.695   13595.821
       0.700   13583.987
       0.705   13571.967
       0.710   13559.956
       0.715   13547.766
       0.720   13535.603
       0.725   13523.283
       0.730   13510.985
       0.735   13498.511
       0.740   13486.071
       0.745   13473.874
       0.750   13461.564
       0.755   13448.839
       0.760   13436.368
       0.765   13423.163
       0.770   13410.652
       0.775   13397.482
       0.780   13384.549
       0.785   13371.653
       0.790   13358.502
       0.795   13345.410
       0.800   13332.199
       0.805   13318.967
       0.810   13305.686
       0.815   13292.291
       0.820   13278.852
       0.825   13265.163
       0.830   13251.692
       0.835   13238.148
       0.840   13224.379
       0.845   13210.724
       0.850   13196.827
       0.855   13182.814
       0.860   13168.835
       0.865   13154.779
       0.870   13140.841
       0.875   13126.745
       0.880   13112.306
       0.885   13097.830
       0.890   13083.771
       0.895   13069.042
       0.900   13054.685
       0.905   13039.948
       0.910   13025.472
       0.915   13010.577
       0.920   12996.101
       0.925   12980.920
       0.930   12966.103
       0.935   12950.829
       0.940   12935.706
       0.945   12920.532
       0.950   12905.177
       0.955   12889.951
       0.960   12874.382
       0.965   12858.860
       0.970   12843.126
       0.975   12827.586
       0.980   12811.539
       0.985   12795.719
       0.990   12779.554
       0.995   12763.409
       1.000   12747.068
