 
       0.005     937.648
       0.010    1874.265
       0.015    2809.853
       0.020    3744.414
       0.025    4677.950
       0.030    5610.461
       0.035    6541.950
       0.040    7472.417
       0.045    8213.432
       0.050    9036.860
       0.055    9810.959
       0.060   10508.779
       0.065   11110.001
       0.070   11605.550
       0.075   11998.292
       0.080   12300.347
       0.085   12529.292
       0.090   12704.087
       0.095   12841.887
       0.100   12956.144
       0.105   13055.988
       0.110   13146.611
       0.115   13230.214
       0.120   13307.156
       0.125   13376.995
       0.130   13439.262
       0.135   13493.906
       0.140   13541.429
       0.145   13582.811
       0.150   13619.301
       0.155   13652.175
       0.160   13682.534
       0.165   13711.177
       0.170   13738.550
       0.175   13764.779
       0.180   13789.748
       0.185   13813.205
       0.190   13834.869
       0.195   13854.520
       0.200   13872.060
       0.205   13887.537
       0.210   13901.138
       0.215   13913.154
       0.220   13923.934
       0.225   13933.825
       0.230   13943.134
       0.235   13952.100
       0.240   13960.876
       0.245   13969.529
       0.250   13978.044
       0.255   13986.339
       0.260   13994.292
       0.265   14001.759
       0.270   14008.607
       0.275   14014.733
       0.280   14020.074
       0.285   14024.620
       0.290   14028.418
       0.295   14031.554
       0.300   14034.149
       0.305   14036.329
       0.310   14038.206
       0.315   14039.867
       0.320   14041.373
       0.325   14042.768
       0.330   14044.081
       0.335   14045.327
       0.340   14046.508
       0.345   14047.610
       0.350   14048.607
       0.355   14049.467
       0.360   14050.159
       0.365   14050.658
       0.370   14050.957
       0.375   14051.063
       0.380   14050.998
       0.385   14050.795
       0.390   14050.483
       0.395   14050.086
       0.400   14049.617
       0.405   14049.082
       0.410   14048.479
       0.415   14047.801
       0.420   14047.041
       0.425   14046.188
       0.430   14045.229
       0.435   14044.151
       0.440   14042.941
       0.445   14041.591
       0.450   14039.978
       0.455   14038.174
       0.460   14036.366
       0.465   14034.081
       0.470   14032.588
       0.475   14031.001
       0.480   14028.750
       0.485   14026.858
       0.490   14023.701
       0.495   14021.131
       0.500   14015.003
       0.505   14014.832
       0.510   14012.041
       0.515   14008.914
       0.520   14005.257
       0.525   14003.951
       0.530   13999.179
       0.535   13996.433
       0.540   13991.985
       0.545   13988.160
       0.550   13983.840
       0.555   13979.946
       0.560   13975.342
       0.565   13971.271
       0.570   13966.302
       0.575   13961.767
       0.580   13956.550
       0.585   13951.468
       0.590   13946.050
       0.595   13940.742
       0.600   13935.000
       0.605   13929.273
       0.610   13923.214
       0.615   13917.091
       0.620   13910.848
       0.625   13904.227
       0.630   13897.571
       0.635   13890.628
       0.640   13883.604
       0.645   13876.288
       0.650   13868.878
       0.655   13861.139
       0.660   13853.313
       0.665   13845.147
       0.670   13836.877
       0.675   13828.284
       0.680   13819.535
       0.685   13810.478
       0.690   13801.251
       0.695   13791.687
       0.700   13781.974
       0.705   13771.930
       0.710   13761.707
       0.715   13751.163
       0.720   13740.408
       0.725   13729.350
       0.730   13718.037
       0.735   13706.434
       0.740   13694.581
       0.745   13682.483
       0.750   13670.001
       0.755   13657.354
       0.760   13644.322
       0.765   13631.147
       0.770   13617.565
       0.775   13603.859
       0.780   13589.798
       0.785   13575.534
       0.790   13560.959
       0.795   13546.217
       0.800   13531.159
       0.805   13515.921
       0.810   13500.443
       0.815   13485.398
       0.820   13469.179
       0.825   13453.259
       0.830   13436.833
       0.835   13420.581
       0.840   13403.685
       0.845   13387.129
       0.850   13370.072
       0.855   13353.098
       0.860   13335.860
       0.865   13318.601
       0.870   13301.063
       0.875   13283.464
       0.880   13265.740
       0.885   13248.090
       0.890   13230.154
       0.895   13212.250
       0.900   13193.948
       0.905   13175.899
       0.910   13157.600
       0.915   13139.382
       0.920   13120.842
       0.925   13102.418
       0.930   13083.644
       0.935   13064.938
       0.940   13046.161
       0.945   13027.171
       0.950   13008.348
       0.955   12989.320
       0.960   12970.111
       0.965   12951.031
       0.970   12931.669
       0.975   12912.446
       0.980   12892.879
       0.985   12873.404
       0.990   12853.851
       0.995   12834.202
       1.000   12814.391
