 
       0.005     937.648
       0.010    1874.265
       0.015    2809.853
       0.020    3744.414
       0.025    4677.950
       0.030    5610.461
       0.035    6541.950
       0.040    7472.417
       0.045    8213.422
       0.050    9036.835
       0.055    9810.900
       0.060   10508.638
       0.065   11109.699
       0.070   11604.972
       0.075   11997.305
       0.080   12298.821
       0.085   12527.119
       0.090   12701.197
       0.095   12838.237
       0.100   12951.711
       0.105   13050.754
       0.110   13140.556
       0.115   13223.308
       0.120   13299.362
       0.125   13368.272
       0.130   13429.572
       0.135   13483.214
       0.140   13529.710
       0.145   13570.045
       0.150   13605.475
       0.155   13637.277
       0.160   13666.555
       0.165   13694.100
       0.170   13720.356
       0.175   13745.445
       0.180   13769.248
       0.185   13791.509
       0.190   13811.949
       0.195   13830.349
       0.200   13846.612
       0.205   13860.792
       0.210   13873.078
       0.215   13883.769
       0.220   13893.215
       0.225   13901.764
       0.230   13909.721
       0.235   13917.316
       0.240   13924.698
       0.245   13931.931
       0.250   13938.996
       0.255   13945.812
       0.260   13952.251
       0.265   13958.170
       0.270   13963.431
       0.275   13967.924
       0.280   13971.584
       0.285   13974.396
       0.290   13976.410
       0.295   13977.736
       0.300   13978.530
       0.305   13978.951
       0.310   13979.122
       0.315   13979.113
       0.320   13978.947
       0.325   13978.621
       0.330   13978.115
       0.335   13977.389
       0.340   13976.381
       0.345   13974.467
       0.350   13972.805
       0.355   13970.835
       0.360   13966.794
       0.365   13964.434
       0.370   13956.608
       0.375   13957.875
       0.380   13953.523
       0.385   13950.694
       0.390   13946.018
       0.395   13940.575
       0.400   13935.004
       0.405   13929.425
       0.410   13922.987
       0.415   13916.320
       0.420   13909.133
       0.425   13901.543
       0.430   13893.457
       0.435   13885.001
       0.440   13876.032
       0.445   13866.639
       0.450   13856.743
       0.455   13846.397
       0.460   13835.590
       0.465   13824.309
       0.470   13812.528
       0.475   13800.201
       0.480   13787.368
       0.485   13774.008
       0.490   13760.192
       0.495   13745.875
       0.500   13731.063
       0.505   13715.772
       0.510   13699.995
       0.515   13683.748
       0.520   13667.093
       0.525   13649.867
       0.530   13632.261
       0.535   13614.189
       0.540   13595.780
       0.545   13577.001
       0.550   13557.779
       0.555   13538.318
       0.560   13518.432
       0.565   13498.325
       0.570   13477.892
       0.575   13457.251
       0.580   13436.404
       0.585   13415.373
       0.590   13394.171
       0.595   13373.208
       0.600   13351.737
       0.605   13330.009
       0.610   13308.572
       0.615   13286.890
       0.620   13265.143
       0.625   13243.409
       0.630   13221.555
       0.635   13199.637
       0.640   13177.847
       0.645   13155.909
       0.650   13134.384
       0.655   13112.242
       0.660   13090.401
       0.665   13068.510
       0.670   13046.786
       0.675   13024.961
       0.680   13003.373
       0.685   12981.576
       0.690   12959.939
       0.695   12938.235
       0.700   12916.704
       0.705   12895.028
       0.710   12873.529
       0.715   12851.989
       0.720   12830.576
       0.725   12809.078
       0.730   12787.719
       0.735   12766.277
       0.740   12744.935
       0.745   12725.954
       0.750   12704.227
       0.755   12682.596
       0.760   12661.299
       0.765   12639.641
       0.770   12618.886
       0.775   12597.153
       0.780   12575.940
       0.785   12554.635
       0.790   12533.170
       0.795   12512.350
       0.800   12490.802
       0.805   12469.225
       0.810   12448.198
       0.815   12426.793
       0.820   12405.119
       0.825   12384.042
       0.830   12362.452
       0.835   12340.973
       0.840   12319.179
       0.845   12297.808
       0.850   12275.220
       0.855   12253.619
       0.860   12231.392
       0.865   12209.521
       0.870   12187.186
       0.875   12164.897
       0.880   12142.214
       0.885   12119.574
       0.890   12096.917
       0.895   12074.157
       0.900   12051.030
       0.905   12027.879
       0.910   12004.192
       0.915   11980.682
       0.920   11956.744
       0.925   11932.770
       0.930   11908.442
       0.935   11884.033
       0.940   11859.067
       0.945   11833.842
       0.950   11808.625
       0.955   11783.250
       0.960   11757.054
       0.965   11731.204
       0.970   11704.635
       0.975   11678.145
       0.980   11650.744
       0.985   11623.617
       0.990   11595.782
       0.995   11568.010
       1.000   11539.413
