 
       0.005     937.648
       0.010    1874.265
       0.015    2809.853
       0.020    3744.414
       0.025    4677.950
       0.030    5610.461
       0.035    6541.950
       0.040    7472.417
       0.045    8213.403
       0.050    9036.790
       0.055    9810.790
       0.060   10508.372
       0.065   11109.154
       0.070   11603.903
       0.075   11995.488
       0.080   12296.023
       0.085   12523.155
       0.090   12695.956
       0.095   12831.658
       0.100   12943.770
       0.105   13041.439
       0.110   13129.845
       0.115   13211.168
       0.120   13285.747
       0.125   13353.133
       0.130   13412.864
       0.135   13464.901
       0.140   13509.771
       0.145   13548.474
       0.150   13582.273
       0.155   13612.452
       0.160   13640.110
       0.165   13666.037
       0.170   13690.669
       0.175   13714.122
       0.180   13736.271
       0.185   13756.861
       0.190   13775.611
       0.195   13792.305
       0.200   13806.854
       0.205   13819.314
       0.210   13829.885
       0.215   13838.874
       0.220   13846.638
       0.225   13853.526
       0.230   13859.835
       0.235   13865.786
       0.240   13871.518
       0.245   13877.088
       0.250   13882.479
       0.255   13887.603
       0.260   13892.332
       0.265   13896.514
       0.270   13899.999
       0.275   13902.655
       0.280   13904.383
       0.285   13905.132
       0.290   13904.947
       0.295   13903.365
       0.300   13902.269
       0.305   13899.843
       0.310   13898.359
       0.315   13896.177
       0.320   13893.210
       0.325   13889.922
       0.330   13887.241
       0.335   13882.726
       0.340   13877.529
       0.345   13872.287
       0.350   13865.397
       0.355   13860.049
       0.360   13853.375
       0.365   13846.301
       0.370   13838.841
       0.375   13831.056
       0.380   13822.853
       0.385   13814.299
       0.390   13805.289
       0.395   13795.948
       0.400   13786.228
       0.405   13776.153
       0.410   13765.717
       0.415   13754.925
       0.420   13743.929
       0.425   13732.455
       0.430   13720.869
       0.435   13708.953
       0.440   13696.804
       0.445   13684.370
       0.450   13671.719
       0.455   13658.834
       0.460   13645.765
       0.465   13632.491
       0.470   13619.172
       0.475   13605.507
       0.480   13591.819
       0.485   13577.944
       0.490   13563.994
       0.495   13549.893
       0.500   13535.720
       0.505   13521.437
       0.510   13507.166
       0.515   13492.760
       0.520   13478.373
       0.525   13463.907
       0.530   13449.436
       0.535   13434.904
       0.540   13420.356
       0.545   13405.767
       0.550   13391.193
       0.555   13376.614
       0.560   13362.037
       0.565   13347.477
       0.570   13332.909
       0.575   13318.348
       0.580   13303.770
       0.585   13289.514
       0.590   13274.993
       0.595   13260.429
       0.600   13245.968
       0.605   13231.439
       0.610   13217.119
       0.615   13202.460
       0.620   13188.297
       0.625   13173.454
       0.630   13159.281
       0.635   13144.360
       0.640   13129.934
       0.645   13115.232
       0.650   13100.866
       0.655   13086.126
       0.660   13071.654
       0.665   13056.883
       0.670   13042.183
       0.675   13027.555
       0.680   13012.925
       0.685   12998.079
       0.690   12983.513
       0.695   12968.602
       0.700   12953.906
       0.705   12938.942
       0.710   12924.125
       0.715   12909.111
       0.720   12894.210
       0.725   12879.085
       0.730   12863.883
       0.735   12848.804
       0.740   12833.499
       0.745   12818.228
       0.750   12802.927
       0.755   12787.435
       0.760   12772.013
       0.765   12756.424
       0.770   12740.772
       0.775   12725.091
       0.780   12709.326
       0.785   12693.354
       0.790   12677.386
       0.795   12661.345
       0.800   12645.135
       0.805   12628.846
       0.810   12612.476
       0.815   12595.967
       0.820   12579.404
       0.825   12562.650
       0.830   12545.793
       0.835   12528.936
       0.840   12511.832
       0.845   12494.521
       0.850   12477.234
       0.855   12459.683
       0.860   12442.098
       0.865   12424.350
       0.870   12406.389
       0.875   12388.305
       0.880   12370.023
       0.885   12351.665
       0.890   12333.001
       0.895   12314.358
       0.900   12295.389
       0.905   12276.342
       0.910   12256.991
       0.915   12237.555
       0.920   12217.801
       0.925   12197.849
       0.930   12177.813
       0.935   12159.435
       0.940   12138.222
       0.945   12117.740
       0.950   12096.538
       0.955   12075.610
       0.960   12053.612
       0.965   12032.231
       0.970   12009.878
       0.975   11987.706
       0.980   11964.797
       0.985   11941.986
       0.990   11918.640
       0.995   11895.191
       1.000   11871.352
