 
       0.005     937.648
       0.010    1874.265
       0.015    2809.853
       0.020    3744.414
       0.025    4677.950
       0.030    5610.461
       0.035    6541.950
       0.040    7472.417
       0.045    8213.432
       0.050    9036.860
       0.055    9810.960
       0.060   10508.780
       0.065   11110.003
       0.070   11605.554
       0.075   11998.298
       0.080   12300.357
       0.085   12529.306
       0.090   12704.107
       0.095   12841.912
       0.100   12956.173
       0.105   13056.023
       0.110   13146.652
       0.115   13230.261
       0.120   13307.210
       0.125   13377.055
       0.130   13439.330
       0.135   13493.981
       0.140   13541.512
       0.145   13582.902
       0.150   13619.400
       0.155   13652.282
       0.160   13682.651
       0.165   13711.302
       0.170   13738.684
       0.175   13764.923
       0.180   13789.902
       0.185   13813.369
       0.190   13835.043
       0.195   13854.705
       0.200   13872.257
       0.205   13887.745
       0.210   13901.358
       0.215   13913.387
       0.220   13924.179
       0.225   13934.083
       0.230   13943.405
       0.235   13952.384
       0.240   13961.173
       0.245   13969.841
       0.250   13978.370
       0.255   13986.681
       0.260   13994.649
       0.265   14002.132
       0.270   14008.997
       0.275   14015.140
       0.280   14020.499
       0.285   14025.065
       0.290   14028.881
       0.295   14032.037
       0.300   14034.652
       0.305   14036.851
       0.310   14038.748
       0.315   14040.428
       0.320   14041.955
       0.325   14043.371
       0.330   14044.706
       0.335   14045.975
       0.340   14047.180
       0.345   14048.307
       0.350   14049.330
       0.355   14050.218
       0.360   14050.939
       0.365   14051.470
       0.370   14051.800
       0.375   14051.939
       0.380   14051.908
       0.385   14051.738
       0.390   14051.458
       0.395   14051.094
       0.400   14050.659
       0.405   14050.157
       0.410   14049.589
       0.415   14048.950
       0.420   14048.232
       0.425   14047.425
       0.430   14046.518
       0.435   14045.500
       0.440   14044.357
       0.445   14043.084
       0.450   14041.680
       0.455   14040.033
       0.460   14037.989
       0.465   14036.245
       0.470   14033.954
       0.475   14032.431
       0.480   14030.566
       0.485   14028.474
       0.490   14026.783
       0.495   14023.527
       0.500   14020.995
       0.505   14015.258
       0.510   14014.787
       0.515   14012.444
       0.520   14008.729
       0.525   14006.548
       0.530   14002.036
       0.535   14000.297
       0.540   13996.264
       0.545   13992.942
       0.550   13988.687
       0.555   13984.917
       0.560   13981.168
       0.565   13976.542
       0.570   13972.757
       0.575   13967.746
       0.580   13963.556
       0.585   13958.487
       0.590   13953.982
       0.595   13948.675
       0.600   13943.646
       0.605   13938.196
       0.610   13932.776
       0.615   13927.141
       0.620   13921.472
       0.625   13915.494
       0.630   13909.475
       0.635   13903.185
       0.640   13896.881
       0.645   13890.284
       0.650   13883.669
       0.655   13876.747
       0.660   13869.806
       0.665   13862.560
       0.670   13855.284
       0.675   13847.683
       0.680   13840.042
       0.685   13832.083
       0.690   13824.061
       0.695   13815.747
       0.700   13807.336
       0.705   13798.650
       0.710   13789.894
       0.715   13780.810
       0.720   13771.655
       0.725   13762.190
       0.730   13752.613
       0.735   13742.845
       0.740   13732.740
       0.745   13722.583
       0.750   13712.071
       0.755   13701.463
       0.760   13690.535
       0.765   13679.558
       0.770   13668.196
       0.775   13656.814
       0.780   13645.046
       0.785   13633.204
       0.790   13621.098
       0.795   13608.909
       0.800   13596.381
       0.805   13583.752
       0.810   13570.871
       0.815   13557.896
       0.820   13544.671
       0.825   13531.318
       0.830   13517.786
       0.835   13504.417
       0.840   13490.511
       0.845   13476.516
       0.850   13462.343
       0.855   13448.518
       0.860   13433.823
       0.865   13419.635
       0.870   13404.563
       0.875   13390.126
       0.880   13375.024
       0.885   13360.186
       0.890   13344.881
       0.895   13329.812
       0.900   13314.351
       0.905   13299.011
       0.910   13283.315
       0.915   13267.864
       0.920   13251.864
       0.925   13236.138
       0.930   13220.200
       0.935   13204.419
       0.940   13188.113
       0.945   13172.207
       0.950   13155.741
       0.955   13139.480
       0.960   13122.871
       0.965   13106.203
       0.970   13089.719
       0.975   13072.983
       0.980   13056.301
       0.985   13039.321
       0.990   13022.542
       0.995   13005.368
       1.000   12988.423
