 
       0.005     937.648
       0.010    1874.265
       0.015    2809.853
       0.020    3744.414
       0.025    4677.950
       0.030    5610.461
       0.035    6541.950
       0.040    7472.417
       0.045    8213.428
       0.050    9036.850
       0.055    9810.936
       0.060   10508.723
       0.065   11109.881
       0.070   11605.319
       0.075   11997.896
       0.080   12299.734
       0.085   12528.418
       0.090   12702.923
       0.095   12840.414
       0.100   12954.351
       0.105   13053.867
       0.110   13144.153
       0.115   13227.404
       0.120   13303.979
       0.125   13373.432
       0.130   13435.296
       0.135   13489.521
       0.140   13536.612
       0.145   13577.553
       0.150   13613.594
       0.155   13646.012
       0.160   13675.910
       0.165   13704.082
       0.170   13730.974
       0.175   13756.711
       0.180   13781.175
       0.185   13804.112
       0.190   13825.240
       0.195   13844.343
       0.200   13861.321
       0.205   13876.225
       0.210   13889.242
       0.215   13900.668
       0.220   13910.850
       0.225   13920.138
       0.230   13928.836
       0.235   13937.181
       0.240   13945.322
       0.245   13953.326
       0.250   13961.177
       0.255   13968.792
       0.260   13976.046
       0.265   13982.798
       0.270   13988.910
       0.275   13994.279
       0.280   13998.840
       0.285   14002.584
       0.290   14005.558
       0.295   14007.860
       0.300   14009.620
       0.305   14010.978
       0.310   14012.050
       0.315   14012.916
       0.320   14013.625
       0.325   14014.203
       0.330   14014.665
       0.335   14015.014
       0.340   14015.245
       0.345   14015.337
       0.350   14015.259
       0.355   14014.970
       0.360   14014.433
       0.365   14013.624
       0.370   14012.555
       0.375   14010.828
       0.380   14009.380
       0.385   14007.353
       0.390   14005.284
       0.395   14003.557
       0.400   14001.497
       0.405   13999.013
       0.410   13996.475
       0.415   13987.038
       0.420   13989.997
       0.425   13986.401
       0.430   13981.445
       0.435   13973.715
       0.440   13973.211
       0.445   13968.501
       0.450   13963.141
       0.455   13957.661
       0.460   13951.727
       0.465   13945.542
       0.470   13938.994
       0.475   13932.113
       0.480   13924.795
       0.485   13917.171
       0.490   13909.097
       0.495   13900.701
       0.500   13891.849
       0.505   13882.606
       0.510   13872.891
       0.515   13862.741
       0.520   13852.160
       0.525   13841.095
       0.530   13829.630
       0.535   13817.635
       0.540   13805.191
       0.545   13792.223
       0.550   13778.777
       0.555   13764.802
       0.560   13750.337
       0.565   13735.323
       0.570   13719.875
       0.575   13703.807
       0.580   13687.327
       0.585   13670.255
       0.590   13652.779
       0.595   13634.672
       0.600   13616.222
       0.605   13597.189
       0.610   13577.789
       0.615   13557.907
       0.620   13537.682
       0.625   13517.020
       0.630   13496.023
       0.635   13474.658
       0.640   13452.954
       0.645   13431.128
       0.650   13408.906
       0.655   13386.664
       0.660   13363.619
       0.665   13341.071
       0.670   13318.364
       0.675   13294.887
       0.680   13271.758
       0.685   13248.120
       0.690   13224.908
       0.695   13201.390
       0.700   13177.671
       0.705   13153.781
       0.710   13130.031
       0.715   13106.197
       0.720   13082.587
       0.725   13058.614
       0.730   13034.790
       0.735   13010.921
       0.740   12987.276
       0.745   12963.311
       0.750   12939.499
       0.755   12915.742
       0.760   12891.923
       0.765   12868.121
       0.770   12847.534
       0.775   12822.714
       0.780   12798.905
       0.785   12774.520
       0.790   12751.209
       0.795   12726.916
       0.800   12703.582
       0.805   12679.440
       0.810   12655.797
       0.815   12631.907
       0.820   12607.822
       0.825   12584.353
       0.830   12560.640
       0.835   12537.028
       0.840   12513.415
       0.845   12489.481
       0.850   12466.033
       0.855   12442.070
       0.860   12418.543
       0.865   12394.520
       0.870   12370.551
       0.875   12346.807
       0.880   12322.921
       0.885   12299.168
       0.890   12274.886
       0.895   12251.126
       0.900   12227.022
       0.905   12203.188
       0.910   12178.821
       0.915   12154.657
       0.920   12130.183
       0.925   12105.999
       0.930   12081.191
       0.935   12056.551
       0.940   12031.745
       0.945   12006.678
       0.950   11981.588
       0.955   11956.269
       0.960   11930.879
       0.965   11905.070
       0.970   11879.241
       0.975   11853.202
       0.980   11826.944
       0.985   11800.577
       0.990   11773.890
       0.995   11746.933
       1.000   11719.665
