 
       0.005     937.648
       0.010    1874.265
       0.015    2809.853
       0.020    3744.414
       0.025    4677.950
       0.030    5610.461
       0.035    6541.950
       0.040    7472.417
       0.045    8213.415
       0.050    9036.818
       0.055    9810.858
       0.060   10508.537
       0.065   11109.488
       0.070   11604.566
       0.075   11996.613
       0.080   12297.755
       0.085   12525.607
       0.090   12699.196
       0.095   12835.722
       0.100   12948.671
       0.105   13047.184
       0.110   13136.446
       0.115   13218.643
       0.120   13294.123
       0.125   13362.439
       0.130   13423.126
       0.135   13476.139
       0.140   13521.997
       0.145   13561.689
       0.150   13596.474
       0.155   13627.634
       0.160   13656.268
       0.165   13683.168
       0.170   13708.776
       0.175   13733.210
       0.180   13756.349
       0.185   13777.938
       0.190   13797.697
       0.195   13815.407
       0.200   13830.975
       0.205   13844.456
       0.210   13856.043
       0.215   13866.039
       0.220   13874.794
       0.225   13882.660
       0.230   13889.936
       0.235   13896.850
       0.240   13903.547
       0.245   13910.089
       0.250   13916.457
       0.255   13922.567
       0.260   13928.293
       0.265   13933.489
       0.270   13938.012
       0.275   13941.749
       0.280   13944.626
       0.285   13946.621
       0.290   13947.784
       0.295   13948.243
       0.300   13948.185
       0.305   13947.796
       0.310   13947.190
       0.315   13946.401
       0.320   13945.401
       0.325   13943.675
       0.330   13941.621
       0.335   13939.914
       0.340   13937.116
       0.345   13932.636
       0.350   13930.544
       0.355   13925.677
       0.360   13921.872
       0.365   13916.209
       0.370   13912.804
       0.375   13906.537
       0.380   13900.836
       0.385   13894.368
       0.390   13887.629
       0.395   13880.528
       0.400   13872.888
       0.405   13864.810
       0.410   13856.365
       0.415   13847.465
       0.420   13838.196
       0.425   13828.469
       0.430   13818.352
       0.435   13807.821
       0.440   13796.929
       0.445   13785.670
       0.450   13774.050
       0.455   13762.023
       0.460   13749.591
       0.465   13736.806
       0.470   13723.672
       0.475   13710.211
       0.480   13696.407
       0.485   13682.325
       0.490   13667.938
       0.495   13653.373
       0.500   13638.367
       0.505   13623.257
       0.510   13607.741
       0.515   13592.147
       0.520   13576.257
       0.525   13560.282
       0.530   13544.056
       0.535   13527.768
       0.540   13511.284
       0.545   13494.721
       0.550   13477.994
       0.555   13461.199
       0.560   13444.307
       0.565   13427.355
       0.570   13410.363
       0.575   13393.340
       0.580   13376.290
       0.585   13359.174
       0.590   13342.281
       0.595   13325.234
       0.600   13308.085
       0.605   13291.018
       0.610   13273.956
       0.615   13256.886
       0.620   13240.063
       0.625   13222.820
       0.630   13205.524
       0.635   13188.634
       0.640   13171.427
       0.645   13154.491
       0.650   13137.457
       0.655   13120.480
       0.660   13103.213
       0.665   13086.384
       0.670   13069.315
       0.675   13052.183
       0.680   13035.103
       0.685   13018.131
       0.690   13001.073
       0.695   12984.069
       0.700   12966.969
       0.705   12950.001
       0.710   12932.921
       0.715   12915.916
       0.720   12898.854
       0.725   12881.780
       0.730   12864.665
       0.735   12847.477
       0.740   12830.384
       0.745   12813.219
       0.750   12796.076
       0.755   12778.763
       0.760   12761.631
       0.765   12744.216
       0.770   12726.900
       0.775   12709.467
       0.780   12692.075
       0.785   12674.556
       0.790   12656.954
       0.795   12639.373
       0.800   12623.373
       0.805   12605.433
       0.810   12587.647
       0.815   12569.780
       0.820   12551.563
       0.825   12533.679
       0.830   12515.493
       0.835   12497.347
       0.840   12478.678
       0.845   12460.501
       0.850   12441.896
       0.855   12423.080
       0.860   12404.280
       0.865   12385.432
       0.870   12366.226
       0.875   12347.163
       0.880   12327.482
       0.885   12308.199
       0.890   12288.524
       0.895   12268.652
       0.900   12248.633
       0.905   12228.305
       0.910   12207.804
       0.915   12187.277
       0.920   12166.437
       0.925   12145.528
       0.930   12124.519
       0.935   12102.996
       0.940   12081.408
       0.945   12059.630
       0.950   12037.488
       0.955   12015.031
       0.960   11992.520
       0.965   11969.516
       0.970   11946.404
       0.975   11923.354
       0.980   11899.328
       0.985   11875.811
       0.990   11851.636
       0.995   11826.863
       1.000   11802.150
