 
       0.005     937.648
       0.010    1874.265
       0.015    2809.853
       0.020    3744.414
       0.025    4677.950
       0.030    5610.461
       0.035    6541.950
       0.040    7472.417
       0.045    8213.432
       0.050    9036.860
       0.055    9810.960
       0.060   10508.782
       0.065   11110.007
       0.070   11605.561
       0.075   11998.311
       0.080   12300.377
       0.085   12529.335
       0.090   12704.145
       0.095   12841.960
       0.100   12956.233
       0.105   13056.093
       0.110   13146.734
       0.115   13230.355
       0.120   13307.316
       0.125   13377.176
       0.130   13439.464
       0.135   13494.130
       0.140   13541.676
       0.145   13583.082
       0.150   13619.597
       0.155   13652.496
       0.160   13682.881
       0.165   13711.550
       0.170   13738.950
       0.175   13765.207
       0.180   13790.205
       0.185   13813.692
       0.190   13835.387
       0.195   13855.070
       0.200   13872.643
       0.205   13888.154
       0.210   13901.790
       0.215   13913.842
       0.220   13924.658
       0.225   13934.586
       0.230   13943.933
       0.235   13952.938
       0.240   13961.753
       0.245   13970.448
       0.250   13979.005
       0.255   13987.344
       0.260   13995.342
       0.265   14002.856
       0.270   14009.753
       0.275   14015.928
       0.280   14021.321
       0.285   14025.921
       0.290   14029.773
       0.295   14032.966
       0.300   14035.618
       0.305   14037.854
       0.310   14039.788
       0.315   14041.505
       0.320   14043.068
       0.325   14044.523
       0.330   14045.897
       0.335   14047.208
       0.340   14048.457
       0.345   14049.631
       0.350   14050.703
       0.355   14051.642
       0.360   14052.416
       0.365   14053.002
       0.370   14053.391
       0.375   14053.588
       0.380   14053.616
       0.385   14053.505
       0.390   14053.284
       0.395   14052.978
       0.400   14052.600
       0.405   14052.158
       0.410   14051.652
       0.415   14051.078
       0.420   14050.430
       0.425   14049.701
       0.430   14048.881
       0.435   14047.960
       0.440   14046.928
       0.445   14045.777
       0.450   14044.504
       0.455   14043.120
       0.460   14041.587
       0.465   14039.745
       0.470   14038.110
       0.475   14036.148
       0.480   14034.120
       0.485   14032.006
       0.490   14030.186
       0.495   14028.108
       0.500   14025.823
       0.505   14023.137
       0.510   14021.181
       0.515   14014.821
       0.520   14015.738
       0.525   14013.388
       0.530   14009.270
       0.535   14006.280
       0.540   14002.587
       0.545   14000.090
       0.550   13997.351
       0.555   13993.255
       0.560   13989.338
       0.565   13985.484
       0.570   13982.208
       0.575   13977.881
       0.580   13974.165
       0.585   13969.345
       0.590   13965.700
       0.595   13960.721
       0.600   13956.511
       0.605   13951.552
       0.610   13946.765
       0.615   13941.708
       0.620   13936.648
       0.625   13931.355
       0.630   13926.014
       0.635   13920.483
       0.640   13914.886
       0.645   13909.134
       0.650   13903.261
       0.655   13897.144
       0.660   13891.019
       0.665   13884.625
       0.670   13878.182
       0.675   13871.447
       0.680   13864.696
       0.685   13857.635
       0.690   13850.535
       0.695   13843.101
       0.700   13835.605
       0.705   13827.786
       0.710   13819.884
       0.715   13811.659
       0.720   13803.319
       0.725   13794.667
       0.730   13785.869
       0.735   13776.700
       0.740   13767.374
       0.745   13757.663
       0.750   13747.744
       0.755   13737.460
       0.760   13726.922
       0.765   13715.989
       0.770   13704.765
       0.775   13693.118
       0.780   13681.154
       0.785   13668.840
       0.790   13655.960
       0.795   13642.797
       0.800   13629.075
       0.805   13614.966
       0.810   13600.323
       0.815   13585.230
       0.820   13569.548
       0.825   13553.411
       0.830   13536.695
       0.835   13519.466
       0.840   13501.674
       0.845   13484.082
       0.850   13465.085
       0.855   13445.205
       0.860   13425.122
       0.865   13404.104
       0.870   13382.949
       0.875   13361.018
       0.880   13338.698
       0.885   13315.818
       0.890   13292.840
       0.895   13268.829
       0.900   13244.898
       0.905   13220.331
       0.910   13195.507
       0.915   13170.052
       0.920   13144.829
       0.925   13118.771
       0.930   13092.926
       0.935   13066.521
       0.940   13039.839
       0.945   13013.196
       0.950   12986.241
       0.955   12959.162
       0.960   12931.802
       0.965   12904.445
       0.970   12879.619
       0.975   12851.343
       0.980   12821.084
       0.985   12795.778
       0.990   12766.952
       0.995   12738.459
       1.000   12709.795
