 
       0.005     937.648
       0.010    1874.265
       0.015    2809.853
       0.020    3744.414
       0.025    4677.950
       0.030    5610.461
       0.035    6541.950
       0.040    7472.417
       0.045    8213.420
       0.050    9036.832
       0.055    9810.891
       0.060   10508.615
       0.065   11109.653
       0.070   11604.878
       0.075   11997.144
       0.080   12298.572
       0.085   12526.765
       0.090   12700.726
       0.095   12837.643
       0.100   12950.989
       0.105   13049.902
       0.110   13139.570
       0.115   13222.183
       0.120   13298.092
       0.125   13366.851
       0.130   13427.993
       0.135   13481.471
       0.140   13527.799
       0.145   13567.964
       0.150   13603.220
       0.155   13634.848
       0.160   13663.948
       0.165   13691.314
       0.170   13717.387
       0.175   13742.290
       0.180   13765.902
       0.185   13787.968
       0.190   13808.207
       0.195   13826.402
       0.200   13842.456
       0.205   13856.422
       0.210   13868.492
       0.215   13878.965
       0.220   13888.192
       0.225   13896.522
       0.230   13904.257
       0.235   13911.627
       0.240   13918.780
       0.245   13925.779
       0.250   13932.605
       0.255   13939.177
       0.260   13945.365
       0.265   13951.026
       0.270   13956.022
       0.275   13960.240
       0.280   13963.611
       0.285   13966.119
       0.290   13967.813
       0.295   13968.808
       0.300   13969.270
       0.305   13969.368
       0.310   13969.226
       0.315   13968.903
       0.320   13968.410
       0.325   13967.720
       0.330   13966.778
       0.335   13965.263
       0.340   13963.301
       0.345   13960.901
       0.350   13958.363
       0.355   13954.140
       0.360   13951.874
       0.365   13948.153
       0.370   13943.332
       0.375   13939.617
       0.380   13934.365
       0.385   13928.321
       0.390   13922.514
       0.395   13916.056
       0.400   13909.081
       0.405   13901.698
       0.410   13893.730
       0.415   13885.263
       0.420   13876.236
       0.425   13866.734
       0.430   13856.659
       0.435   13846.042
       0.440   13834.859
       0.445   13823.128
       0.450   13810.853
       0.455   13798.009
       0.460   13784.566
       0.465   13770.460
       0.470   13755.767
       0.475   13740.457
       0.480   13724.561
       0.485   13708.078
       0.490   13690.998
       0.495   13673.348
       0.500   13655.222
       0.505   13636.320
       0.510   13617.017
       0.515   13597.046
       0.520   13576.639
       0.525   13555.725
       0.530   13534.395
       0.535   13512.601
       0.540   13490.430
       0.545   13467.885
       0.550   13444.971
       0.555   13421.732
       0.560   13398.221
       0.565   13374.471
       0.570   13350.673
       0.575   13326.536
       0.580   13302.398
       0.585   13278.340
       0.590   13253.633
       0.595   13229.425
       0.600   13204.712
       0.605   13180.209
       0.610   13155.478
       0.615   13130.808
       0.620   13106.205
       0.625   13081.195
       0.630   13056.746
       0.635   13032.004
       0.640   13007.501
       0.645   12982.953
       0.650   12958.501
       0.655   12934.095
       0.660   12909.755
       0.665   12885.468
       0.670   12861.269
       0.675   12837.123
       0.680   12813.023
       0.685   12788.979
       0.690   12764.987
       0.695   12741.073
       0.700   12719.393
       0.705   12695.063
       0.710   12671.201
       0.715   12647.570
       0.720   12623.889
       0.725   12600.326
       0.730   12576.578
       0.735   12553.091
       0.740   12529.476
       0.745   12506.111
       0.750   12482.739
       0.755   12459.559
       0.760   12436.188
       0.765   12413.023
       0.770   12389.582
       0.775   12366.439
       0.780   12343.194
       0.785   12319.526
       0.790   12296.435
       0.795   12272.788
       0.800   12249.500
       0.805   12226.149
       0.810   12202.695
       0.815   12179.273
       0.820   12155.503
       0.825   12131.978
       0.830   12108.297
       0.835   12084.545
       0.840   12060.322
       0.845   12036.390
       0.850   12012.099
       0.855   11987.835
       0.860   11963.211
       0.865   11938.625
       0.870   11913.795
       0.875   11888.752
       0.880   11863.479
       0.885   11837.867
       0.890   11812.135
       0.895   11786.148
       0.900   11760.008
       0.905   11733.701
       0.910   11707.052
       0.915   11680.170
       0.920   11652.830
       0.925   11625.182
       0.930   11597.442
       0.935   11569.401
       0.940   11540.964
       0.945   11511.874
       0.950   11482.822
       0.955   11453.382
       0.960   11423.690
       0.965   11393.616
       0.970   11363.004
       0.975   11332.346
       0.980   11301.206
       0.985   11269.655
       0.990   11237.718
       0.995   11205.434
       1.000   11172.906
