 
       0.005     937.648
       0.010    1874.265
       0.015    2809.853
       0.020    3744.414
       0.025    4677.950
       0.030    5610.461
       0.035    6541.950
       0.040    7472.417
       0.045    8213.421
       0.050    9036.834
       0.055    9810.897
       0.060   10508.630
       0.065   11109.684
       0.070   11604.943
       0.075   11997.257
       0.080   12298.749
       0.085   12527.020
       0.090   12701.071
       0.095   12838.086
       0.100   12951.537
       0.105   13050.561
       0.110   13140.345
       0.115   13223.082
       0.120   13299.124
       0.125   13368.025
       0.130   13429.319
       0.135   13482.959
       0.140   13529.456
       0.145   13569.798
       0.150   13605.239
       0.155   13637.058
       0.160   13666.356
       0.165   13693.927
       0.170   13720.214
       0.175   13745.340
       0.180   13769.184
       0.185   13791.492
       0.190   13811.985
       0.195   13830.444
       0.200   13846.773
       0.205   13861.025
       0.210   13873.390
       0.215   13884.166
       0.220   13893.703
       0.225   13902.351
       0.230   13910.411
       0.235   13918.117
       0.240   13925.617
       0.245   13932.975
       0.250   13940.175
       0.255   13947.134
       0.260   13953.725
       0.265   13959.807
       0.270   13965.242
       0.275   13969.922
       0.280   13973.784
       0.285   13976.816
       0.290   13979.068
       0.295   13980.649
       0.300   13981.705
       0.305   13982.391
       0.310   13982.825
       0.315   13983.081
       0.320   13983.190
       0.325   13983.161
       0.330   13982.990
       0.335   13982.664
       0.340   13982.159
       0.345   13981.434
       0.350   13980.432
       0.355   13978.817
       0.360   13976.886
       0.365   13974.548
       0.370   13971.822
       0.375   13970.972
       0.380   13967.771
       0.385   13964.954
       0.390   13956.180
       0.395   13957.756
       0.400   13953.974
       0.405   13950.274
       0.410   13946.635
       0.415   13942.049
       0.420   13937.356
       0.425   13932.021
       0.430   13926.915
       0.435   13921.170
       0.440   13915.247
       0.445   13908.974
       0.450   13902.536
       0.455   13895.786
       0.460   13888.831
       0.465   13881.530
       0.470   13874.048
       0.475   13866.263
       0.480   13858.296
       0.485   13850.041
       0.490   13841.565
       0.495   13832.804
       0.500   13823.852
       0.505   13814.578
       0.510   13805.184
       0.515   13795.499
       0.520   13785.679
       0.525   13775.597
       0.530   13765.393
       0.535   13754.910
       0.540   13744.323
       0.545   13733.497
       0.550   13722.551
       0.555   13711.378
       0.560   13700.109
       0.565   13688.626
       0.570   13677.084
       0.575   13665.372
       0.580   13653.626
       0.585   13641.622
       0.590   13629.620
       0.595   13617.421
       0.600   13605.193
       0.605   13592.805
       0.610   13580.418
       0.615   13567.857
       0.620   13555.319
       0.625   13542.635
       0.630   13529.938
       0.635   13517.142
       0.640   13504.332
       0.645   13491.415
       0.650   13478.486
       0.655   13465.502
       0.660   13452.477
       0.665   13439.410
       0.670   13426.297
       0.675   13413.555
       0.680   13400.501
       0.685   13387.141
       0.690   13374.002
       0.695   13360.815
       0.700   13347.414
       0.705   13334.078
       0.710   13320.610
       0.715   13307.272
       0.720   13293.720
       0.725   13280.315
       0.730   13266.635
       0.735   13253.074
       0.740   13239.478
       0.745   13225.780
       0.750   13211.969
       0.755   13198.190
       0.760   13184.343
       0.765   13170.497
       0.770   13156.474
       0.775   13142.398
       0.780   13128.408
       0.785   13114.450
       0.790   13100.154
       0.795   13085.953
       0.800   13071.663
       0.805   13057.524
       0.810   13042.803
       0.815   13028.583
       0.820   13013.855
       0.825   12999.396
       0.830   12984.817
       0.835   12969.988
       0.840   12955.362
       0.845   12940.433
       0.850   12925.313
       0.855   12910.556
       0.860   12895.287
       0.865   12880.044
       0.870   12864.935
       0.875   12849.487
       0.880   12834.184
       0.885   12818.627
       0.890   12803.131
       0.895   12787.244
       0.900   12771.578
       0.905   12755.609
       0.910   12739.722
       0.915   12723.474
       0.920   12707.384
       0.925   12690.871
       0.930   12674.583
       0.935   12658.014
       0.940   12641.394
       0.945   12624.587
       0.950   12607.581
       0.955   12590.749
       0.960   12573.520
       0.965   12556.125
       0.970   12538.794
       0.975   12521.168
       0.980   12503.646
       0.985   12485.714
       0.990   12467.732
       0.995   12449.487
       1.000   12433.054
