 
       0.005     937.648
       0.010    1874.265
       0.015    2809.853
       0.020    3744.414
       0.025    4677.950
       0.030    5610.461
       0.035    6541.950
       0.040    7472.417
       0.045    8213.432
       0.050    9036.860
       0.055    9810.960
       0.060   10508.782
       0.065   11110.008
       0.070   11605.562
       0.075   11998.312
       0.080   12300.380
       0.085   12529.338
       0.090   12704.149
       0.095   12841.966
       0.100   12956.240
       0.105   13056.102
       0.110   13146.744
       0.115   13230.366
       0.120   13307.329
       0.125   13377.190
       0.130   13439.480
       0.135   13494.149
       0.140   13541.696
       0.145   13583.105
       0.150   13619.621
       0.155   13652.522
       0.160   13682.910
       0.165   13711.581
       0.170   13738.983
       0.175   13765.243
       0.180   13790.244
       0.185   13813.734
       0.190   13835.431
       0.195   13855.117
       0.200   13872.693
       0.205   13888.208
       0.210   13901.847
       0.215   13913.903
       0.220   13924.722
       0.225   13934.654
       0.230   13944.005
       0.235   13953.013
       0.240   13961.834
       0.245   13970.532
       0.250   13979.094
       0.255   13987.438
       0.260   13995.440
       0.265   14002.959
       0.270   14009.861
       0.275   14016.042
       0.280   14021.440
       0.285   14026.047
       0.290   14029.905
       0.295   14033.104
       0.300   14035.763
       0.305   14038.006
       0.310   14039.946
       0.315   14041.670
       0.320   14043.240
       0.325   14044.702
       0.330   14046.084
       0.335   14047.403
       0.340   14048.661
       0.345   14049.843
       0.350   14050.925
       0.355   14051.874
       0.360   14052.659
       0.365   14053.256
       0.370   14053.657
       0.375   14053.866
       0.380   14053.907
       0.385   14053.809
       0.390   14053.601
       0.395   14053.307
       0.400   14052.942
       0.405   14052.514
       0.410   14052.022
       0.415   14051.462
       0.420   14050.830
       0.425   14050.119
       0.430   14049.319
       0.435   14048.421
       0.440   14047.415
       0.445   14046.292
       0.450   14045.052
       0.455   14043.701
       0.460   14041.735
       0.465   14040.732
       0.470   14038.788
       0.475   14036.966
       0.480   14035.177
       0.485   14033.138
       0.490   14031.766
       0.495   14029.827
       0.500   14027.499
       0.505   14023.991
       0.510   14020.999
       0.515   14013.838
       0.520   14016.555
       0.525   14000.948
       0.530   14011.097
       0.535   14007.922
       0.540   13998.699
       0.545   14001.979
       0.550   13999.191
       0.555   13995.676
       0.560   13991.802
       0.565   13987.482
       0.570   13984.957
       0.575   13980.937
       0.580   13976.532
       0.585   13972.926
       0.590   13968.583
       0.595   13964.946
       0.600   13960.039
       0.605   13956.104
       0.610   13951.250
       0.615   13946.966
       0.620   13942.075
       0.625   13937.339
       0.630   13932.360
       0.635   13927.335
       0.640   13922.149
       0.645   13916.952
       0.650   13911.531
       0.655   13906.173
       0.660   13900.563
       0.665   13895.004
       0.670   13889.193
       0.675   13883.357
       0.680   13877.403
       0.685   13871.444
       0.690   13865.209
       0.695   13859.010
       0.700   13852.597
       0.705   13846.190
       0.710   13839.533
       0.715   13832.937
       0.720   13826.050
       0.725   13819.230
       0.730   13812.136
       0.735   13805.105
       0.740   13797.789
       0.745   13790.504
       0.750   13782.971
       0.755   13775.426
       0.760   13767.665
       0.765   13759.882
       0.770   13751.866
       0.775   13743.843
       0.780   13735.569
       0.785   13727.281
       0.790   13718.758
       0.795   13710.200
       0.800   13701.512
       0.805   13692.583
       0.810   13683.605
       0.815   13674.398
       0.820   13665.159
       0.825   13655.670
       0.830   13646.138
       0.835   13636.328
       0.840   13626.497
       0.845   13616.404
       0.850   13606.312
       0.855   13595.875
       0.860   13585.481
       0.865   13574.765
       0.870   13564.026
       0.875   13553.016
       0.880   13541.991
       0.885   13530.654
       0.890   13519.356
       0.895   13507.877
       0.900   13496.700
       0.905   13484.431
       0.910   13472.742
       0.915   13460.159
       0.920   13448.452
       0.925   13435.796
       0.930   13423.459
       0.935   13410.692
       0.940   13398.238
       0.945   13384.544
       0.950   13371.507
       0.955   13358.110
       0.960   13344.539
       0.965   13331.490
       0.970   13317.497
       0.975   13304.112
       0.980   13289.798
       0.985   13275.976
       0.990   13261.566
       0.995   13247.684
       1.000   13233.026
