 
       0.005     937.648
       0.010    1874.265
       0.015    2809.853
       0.020    3744.414
       0.025    4677.950
       0.030    5610.461
       0.035    6541.950
       0.040    7472.417
       0.045    8213.430
       0.050    9036.855
       0.055    9810.948
       0.060   10508.750
       0.065   11109.941
       0.070   11605.435
       0.075   11998.095
       0.080   12300.043
       0.085   12528.858
       0.090   12703.509
       0.095   12841.155
       0.100   12955.253
       0.105   13054.935
       0.110   13145.391
       0.115   13228.819
       0.120   13305.580
       0.125   13375.227
       0.130   13437.295
       0.135   13491.732
       0.140   13539.041
       0.145   13580.205
       0.150   13616.474
       0.155   13649.123
       0.160   13679.254
       0.165   13707.665
       0.170   13734.801
       0.175   13760.788
       0.180   13785.508
       0.185   13808.709
       0.190   13830.110
       0.195   13849.491
       0.200   13866.755
       0.205   13881.951
       0.210   13895.266
       0.215   13906.993
       0.220   13917.480
       0.225   13927.075
       0.230   13936.086
       0.235   13944.747
       0.240   13953.213
       0.245   13961.549
       0.250   13969.739
       0.255   13977.703
       0.260   13985.316
       0.265   13992.434
       0.270   13998.925
       0.275   14004.684
       0.280   14009.647
       0.285   14013.807
       0.290   14017.208
       0.295   14019.944
       0.300   14022.138
       0.305   14023.924
       0.310   14025.413
       0.315   14026.690
       0.320   14027.811
       0.325   14028.811
       0.330   14029.714
       0.335   14030.531
       0.340   14031.262
       0.345   14031.892
       0.350   14032.393
       0.355   14032.734
       0.360   14032.880
       0.365   14032.810
       0.370   14032.519
       0.375   14032.026
       0.380   14031.364
       0.385   14030.573
       0.390   14029.680
       0.395   14028.700
       0.400   14027.630
       0.405   14026.453
       0.410   14025.142
       0.415   14023.399
       0.420   14021.535
       0.425   14019.550
       0.430   14017.391
       0.435   14014.446
       0.440   14012.928
       0.445   14009.562
       0.450   14006.252
       0.455   13999.829
       0.460   13999.908
       0.465   13996.879
       0.470   13993.149
       0.475   13989.699
       0.480   13984.984
       0.485   13980.873
       0.490   13976.660
       0.495   13972.061
       0.500   13966.867
       0.505   13962.159
       0.510   13956.387
       0.515   13950.824
       0.520   13944.928
       0.525   13938.816
       0.530   13932.445
       0.535   13925.888
       0.540   13919.021
       0.545   13911.972
       0.550   13904.617
       0.555   13897.088
       0.560   13889.271
       0.565   13881.329
       0.570   13872.925
       0.575   13864.390
       0.580   13855.503
       0.585   13846.435
       0.590   13837.025
       0.595   13827.431
       0.600   13817.501
       0.605   13807.374
       0.610   13796.921
       0.615   13786.289
       0.620   13775.316
       0.625   13764.173
       0.630   13752.718
       0.635   13741.060
       0.640   13729.084
       0.645   13716.912
       0.650   13704.532
       0.655   13691.818
       0.660   13678.960
       0.665   13665.817
       0.670   13652.552
       0.675   13638.998
       0.680   13625.330
       0.685   13611.391
       0.690   13597.359
       0.695   13583.067
       0.700   13568.686
       0.705   13554.089
       0.710   13539.400
       0.715   13524.551
       0.720   13509.568
       0.725   13494.458
       0.730   13479.258
       0.735   13464.383
       0.740   13448.953
       0.745   13433.547
       0.750   13417.866
       0.755   13402.326
       0.760   13386.490
       0.765   13370.737
       0.770   13354.779
       0.775   13338.976
       0.780   13322.842
       0.785   13306.906
       0.790   13290.643
       0.795   13274.538
       0.800   13258.098
       0.805   13241.918
       0.810   13225.431
       0.815   13209.324
       0.820   13192.693
       0.825   13176.403
       0.830   13159.653
       0.835   13143.270
       0.840   13126.365
       0.845   13109.815
       0.850   13092.942
       0.855   13076.369
       0.860   13059.333
       0.865   13042.472
       0.870   13025.480
       0.875   13008.684
       0.880   12991.414
       0.885   12974.250
       0.890   12957.276
       0.895   12939.997
       0.900   12922.655
       0.905   12905.382
       0.910   12888.015
       0.915   12870.559
       0.920   12853.073
       0.925   12835.424
       0.930   12817.869
       0.935   12800.222
       0.940   12782.417
       0.945   12764.597
       0.950   12746.712
       0.955   12728.781
       0.960   12710.746
       0.965   12692.680
       0.970   12674.485
       0.975   12656.259
       0.980   12637.878
       0.985   12619.513
       0.990   12602.700
       0.995   12583.589
       1.000   12565.258
