 
       0.005     937.648
       0.010    1874.265
       0.015    2809.853
       0.020    3744.414
       0.025    4677.950
       0.030    5610.461
       0.035    6541.950
       0.040    7472.417
       0.045    8213.430
       0.050    9036.855
       0.055    9810.949
       0.060   10508.752
       0.065   11109.945
       0.070   11605.442
       0.075   11998.107
       0.080   12300.061
       0.085   12528.885
       0.090   12703.547
       0.095   12841.205
       0.100   12955.315
       0.105   13055.010
       0.110   13145.481
       0.115   13228.926
       0.120   13305.703
       0.125   13375.370
       0.130   13437.458
       0.135   13491.917
       0.140   13539.250
       0.145   13580.440
       0.150   13616.735
       0.155   13649.412
       0.160   13679.573
       0.165   13708.014
       0.170   13735.183
       0.175   13761.204
       0.180   13785.960
       0.185   13809.199
       0.190   13830.640
       0.195   13850.064
       0.200   13867.373
       0.205   13882.615
       0.210   13895.979
       0.215   13907.757
       0.220   13918.296
       0.225   13927.946
       0.230   13937.012
       0.235   13945.732
       0.240   13954.259
       0.245   13962.659
       0.250   13970.916
       0.255   13978.949
       0.260   13986.633
       0.265   13993.828
       0.270   14000.398
       0.275   14006.239
       0.280   14011.290
       0.285   14015.541
       0.290   14019.038
       0.295   14021.872
       0.300   14024.167
       0.305   14026.053
       0.310   14027.642
       0.315   14029.020
       0.320   14030.243
       0.325   14031.349
       0.330   14032.364
       0.335   14033.301
       0.340   14034.159
       0.345   14034.925
       0.350   14035.574
       0.355   14036.072
       0.360   14036.388
       0.365   14036.499
       0.370   14036.401
       0.375   14036.107
       0.380   14035.648
       0.385   14035.059
       0.390   14034.372
       0.395   14033.605
       0.400   14032.763
       0.405   14031.843
       0.410   14030.830
       0.415   14029.705
       0.420   14028.443
       0.425   14027.014
       0.430   14024.795
       0.435   14023.180
       0.440   14020.754
       0.445   14018.918
       0.450   14017.147
       0.455   14014.582
       0.460   14011.390
       0.465   14007.324
       0.470   14005.445
       0.475   14001.789
       0.480   13999.389
       0.485   13997.589
       0.490   13992.891
       0.495   13990.037
       0.500   13986.142
       0.505   13982.398
       0.510   13977.885
       0.515   13973.375
       0.520   13969.435
       0.525   13965.196
       0.530   13960.059
       0.535   13955.236
       0.540   13950.208
       0.545   13945.065
       0.550   13939.548
       0.555   13934.301
       0.560   13928.464
       0.565   13922.680
       0.570   13916.712
       0.575   13910.654
       0.580   13904.414
       0.585   13898.067
       0.590   13891.675
       0.595   13884.762
       0.600   13878.090
       0.605   13871.057
       0.610   13864.022
       0.615   13856.720
       0.620   13849.423
       0.625   13841.842
       0.630   13834.275
       0.635   13826.444
       0.640   13818.614
       0.645   13810.551
       0.650   13802.467
       0.655   13794.164
       0.660   13785.831
       0.665   13777.267
       0.670   13768.705
       0.675   13759.895
       0.680   13751.105
       0.685   13742.098
       0.690   13733.102
       0.695   13723.969
       0.700   13714.666
       0.705   13705.334
       0.710   13695.849
       0.715   13686.302
       0.720   13676.642
       0.725   13666.910
       0.730   13657.039
       0.735   13647.135
       0.740   13637.111
       0.745   13627.036
       0.750   13616.818
       0.755   13606.646
       0.760   13596.232
       0.765   13585.920
       0.770   13575.315
       0.775   13564.787
       0.780   13554.098
       0.785   13543.405
       0.790   13532.558
       0.795   13521.712
       0.800   13510.727
       0.805   13499.731
       0.810   13489.521
       0.815   13478.127
       0.820   13466.749
       0.825   13455.638
       0.830   13444.285
       0.835   13432.823
       0.840   13421.348
       0.845   13409.731
       0.850   13398.258
       0.855   13386.395
       0.860   13374.634
       0.865   13362.554
       0.870   13350.289
       0.875   13338.609
       0.880   13326.157
       0.885   13314.302
       0.890   13301.697
       0.895   13289.616
       0.900   13276.796
       0.905   13264.491
       0.910   13251.634
       0.915   13239.388
       0.920   13226.279
       0.925   13213.692
       0.930   13200.529
       0.935   13187.564
       0.940   13174.263
       0.945   13161.574
       0.950   13147.734
       0.955   13134.746
       0.960   13120.979
       0.965   13107.562
       0.970   13093.799
       0.975   13080.356
       0.980   13066.289
       0.985   13052.559
       0.990   13038.393
       0.995   13024.480
       1.000   13010.088
