 
       0.005     937.648
       0.010    1874.265
       0.015    2809.853
       0.020    3744.414
       0.025    4677.950
       0.030    5610.461
       0.035    6541.950
       0.040    7472.417
       0.045    8213.376
       0.050    9036.728
       0.055    9810.635
       0.060   10508.000
       0.065   11108.380
       0.070   11602.405
       0.075   11992.943
       0.080   12292.109
       0.085   12517.622
       0.090   12688.651
       0.095   12822.508
       0.100   12932.746
       0.105   13028.533
       0.110   13115.035
       0.115   13194.414
       0.120   13266.994
       0.125   13332.322
       0.130   13389.940
       0.135   13439.827
       0.140   13482.526
       0.145   13519.058
       0.150   13550.698
       0.155   13578.736
       0.160   13604.270
       0.165   13628.080
       0.170   13650.595
       0.175   13671.922
       0.180   13691.931
       0.185   13710.363
       0.190   13726.938
       0.195   13741.444
       0.200   13753.796
       0.205   13764.059
       0.210   13772.444
       0.215   13779.273
       0.220   13784.918
       0.225   13789.736
       0.230   13794.009
       0.235   13797.933
       0.240   13801.628
       0.245   13805.140
       0.250   13808.442
       0.255   13811.441
       0.260   13813.986
       0.265   13815.878
       0.270   13816.858
       0.275   13816.451
       0.280   13814.428
       0.285   13811.351
       0.290   13806.497
       0.295   13803.215
       0.300   13797.311
       0.305   13792.532
       0.310   13783.827
       0.315   13778.653
       0.320   13771.095
       0.325   13763.081
       0.330   13754.457
       0.335   13745.289
       0.340   13735.484
       0.345   13725.251
       0.350   13714.583
       0.355   13703.556
       0.360   13692.126
       0.365   13680.344
       0.370   13668.218
       0.375   13655.771
       0.380   13642.995
       0.385   13629.917
       0.390   13616.558
       0.395   13602.982
       0.400   13589.218
       0.405   13575.309
       0.410   13561.215
       0.415   13546.970
       0.420   13532.581
       0.425   13518.132
       0.430   13503.494
       0.435   13488.816
       0.440   13474.054
       0.445   13459.318
       0.450   13444.526
       0.455   13429.752
       0.460   13414.918
       0.465   13400.096
       0.470   13385.270
       0.475   13370.443
       0.480   13355.647
       0.485   13340.900
       0.490   13326.190
       0.495   13311.539
       0.500   13296.913
       0.505   13282.329
       0.510   13267.753
       0.515   13253.223
       0.520   13238.717
       0.525   13224.258
       0.530   13209.849
       0.535   13195.475
       0.540   13181.466
       0.545   13167.226
       0.550   13153.024
       0.555   13138.931
       0.560   13124.736
       0.565   13110.817
       0.570   13096.525
       0.575   13082.523
       0.580   13068.183
       0.585   13054.158
       0.590   13040.042
       0.595   13026.060
       0.600   13011.855
       0.605   12997.929
       0.610   12983.707
       0.615   12969.739
       0.620   12955.390
       0.625   12941.259
       0.630   12926.997
       0.635   12912.754
       0.640   12898.569
       0.645   12884.298
       0.650   12870.062
       0.655   12855.689
       0.660   12841.338
       0.665   12826.888
       0.670   12812.460
       0.675   12797.827
       0.680   12783.296
       0.685   12768.529
       0.690   12753.961
       0.695   12739.020
       0.700   12724.109
       0.705   12709.197
       0.710   12694.102
       0.715   12679.087
       0.720   12663.864
       0.725   12648.611
       0.730   12633.208
       0.735   12617.918
       0.740   12602.213
       0.745   12586.679
       0.750   12570.802
       0.755   12554.885
       0.760   12538.867
       0.765   12522.741
       0.770   12506.460
       0.775   12490.119
       0.780   12473.612
       0.785   12456.968
       0.790   12440.235
       0.795   12423.300
       0.800   12406.288
       0.805   12389.030
       0.810   12371.632
       0.815   12354.203
       0.820   12336.484
       0.825   12318.549
       0.830   12300.620
       0.835   12282.402
       0.840   12263.935
       0.845   12245.445
       0.850   12226.582
       0.855   12207.729
       0.860   12188.434
       0.865   12169.205
       0.870   12149.539
       0.875   12129.865
       0.880   12109.718
       0.885   12089.349
       0.890   12068.973
       0.895   12048.054
       0.900   12027.042
       0.905   12005.758
       0.910   11984.192
       0.915   11962.345
       0.920   11940.234
       0.925   11917.818
       0.930   11895.069
       0.935   11872.025
       0.940   11848.654
       0.945   11824.983
       0.950   11800.993
       0.955   11776.707
       0.960   11752.041
       0.965   11727.121
       0.970   11701.774
       0.975   11676.161
       0.980   11652.384
       0.985   11623.851
       0.990   11599.117
       0.995   11572.268
       1.000   11545.116
