 
       0.005     937.648
       0.010    1874.265
       0.015    2809.853
       0.020    3744.414
       0.025    4677.950
       0.030    5610.461
       0.035    6541.950
       0.040    7472.417
       0.045    8213.432
       0.050    9036.860
       0.055    9810.960
       0.060   10508.781
       0.065   11110.006
       0.070   11605.558
       0.075   11998.305
       0.080   12300.368
       0.085   12529.322
       0.090   12704.126
       0.095   12841.937
       0.100   12956.204
       0.105   13056.059
       0.110   13146.695
       0.115   13230.309
       0.120   13307.265
       0.125   13377.117
       0.130   13439.398
       0.135   13494.057
       0.140   13541.595
       0.145   13582.994
       0.150   13619.500
       0.155   13652.390
       0.160   13682.767
       0.165   13711.427
       0.170   13738.817
       0.175   13765.065
       0.180   13790.053
       0.185   13813.530
       0.190   13835.214
       0.195   13854.886
       0.200   13872.447
       0.205   13887.946
       0.210   13901.570
       0.215   13913.610
       0.220   13924.413
       0.225   13934.328
       0.230   13943.661
       0.235   13952.652
       0.240   13961.453
       0.245   13970.133
       0.250   13978.675
       0.255   13986.998
       0.260   13994.979
       0.265   14002.476
       0.270   14009.355
       0.275   14015.512
       0.280   14020.886
       0.285   14025.466
       0.290   14029.298
       0.295   14032.469
       0.300   14035.100
       0.305   14037.315
       0.310   14039.227
       0.315   14040.923
       0.320   14042.464
       0.325   14043.896
       0.330   14045.247
       0.335   14046.533
       0.340   14047.755
       0.345   14048.901
       0.350   14049.944
       0.355   14050.852
       0.360   14051.593
       0.365   14052.146
       0.370   14052.498
       0.375   14052.659
       0.380   14052.651
       0.385   14052.502
       0.390   14052.244
       0.395   14051.901
       0.400   14051.487
       0.405   14051.007
       0.410   14050.461
       0.415   14049.845
       0.420   14049.151
       0.425   14048.372
       0.430   14047.495
       0.435   14046.511
       0.440   14045.406
       0.445   14044.174
       0.450   14042.814
       0.455   14041.153
       0.460   14039.571
       0.465   14037.756
       0.470   14035.572
       0.475   14033.567
       0.480   14032.238
       0.485   14030.131
       0.490   14027.743
       0.495   14025.653
       0.500   14022.416
       0.505   14021.046
       0.510   14011.226
       0.515   14014.794
       0.520   14011.825
       0.525   14008.440
       0.530   14004.393
       0.535   14002.910
       0.540   13998.826
       0.545   13995.207
       0.550   13991.278
       0.555   13987.779
       0.560   13983.493
       0.565   13979.775
       0.570   13974.987
       0.575   13970.882
       0.580   13965.944
       0.585   13961.698
       0.590   13956.480
       0.595   13951.694
       0.600   13946.537
       0.605   13941.274
       0.610   13935.800
       0.615   13930.299
       0.620   13924.429
       0.625   13918.508
       0.630   13912.360
       0.635   13906.150
       0.640   13899.618
       0.645   13893.043
       0.650   13886.130
       0.655   13879.151
       0.660   13871.872
       0.665   13864.487
       0.670   13856.759
       0.675   13848.933
       0.680   13840.742
       0.685   13832.432
       0.690   13823.759
       0.695   13814.921
       0.700   13805.723
       0.705   13796.335
       0.710   13786.565
       0.715   13776.594
       0.720   13766.234
       0.725   13755.610
       0.730   13744.615
       0.735   13733.308
       0.740   13721.587
       0.745   13709.541
       0.750   13697.079
       0.755   13684.251
       0.760   13671.045
       0.765   13657.360
       0.770   13643.323
       0.775   13628.778
       0.780   13613.884
       0.785   13598.470
       0.790   13582.644
       0.795   13566.344
       0.800   13549.612
       0.805   13532.399
       0.810   13514.759
       0.815   13496.665
       0.820   13478.942
       0.825   13459.328
       0.830   13440.401
       0.835   13420.154
       0.840   13400.016
       0.845   13379.285
       0.850   13358.562
       0.855   13337.135
       0.860   13315.925
       0.865   13293.853
       0.870   13271.773
       0.875   13249.334
       0.880   13227.024
       0.885   13203.948
       0.890   13180.988
       0.895   13157.712
       0.900   13134.504
       0.905   13110.921
       0.910   13087.052
       0.915   13063.407
       0.920   13039.420
       0.925   13015.437
       0.930   12991.230
       0.935   12966.930
       0.940   12942.467
       0.945   12917.947
       0.950   12893.332
       0.955   12868.517
       0.960   12843.691
       0.965   12818.657
       0.970   12793.587
       0.975   12768.292
       0.980   12743.005
       0.985   12717.465
       0.990   12691.940
       0.995   12668.407
       1.000   12642.009
