 
       0.005     937.648
       0.010    1874.265
       0.015    2809.853
       0.020    3744.414
       0.025    4677.950
       0.030    5610.461
       0.035    6541.950
       0.040    7472.417
       0.045    8213.361
       0.050    9036.691
       0.055    9810.546
       0.060   10507.784
       0.065   11107.928
       0.070   11601.535
       0.075   11991.464
       0.080   12289.827
       0.085   12514.391
       0.090   12684.375
       0.095   12817.140
       0.100   12926.266
       0.105   13020.929
       0.110   13106.289
       0.115   13184.498
       0.120   13255.870
       0.125   13319.947
       0.130   13376.276
       0.135   13424.845
       0.140   13466.209
       0.145   13501.398
       0.150   13531.695
       0.155   13558.395
       0.160   13582.593
       0.165   13605.066
       0.170   13626.236
       0.175   13646.205
       0.180   13664.839
       0.185   13681.877
       0.190   13697.039
       0.195   13710.113
       0.200   13721.014
       0.205   13729.812
       0.210   13736.723
       0.215   13742.084
       0.220   13746.290
       0.225   13749.707
       0.230   13752.609
       0.235   13755.164
       0.240   13757.462
       0.245   13759.526
       0.250   13761.311
       0.255   13762.684
       0.260   13763.390
       0.265   13762.778
       0.270   13759.950
       0.275   13755.834
       0.280   13749.535
       0.285   13743.207
       0.290   13735.756
       0.295   13727.376
       0.300   13718.039
       0.305   13707.898
       0.310   13697.145
       0.315   13685.725
       0.320   13673.546
       0.325   13660.578
       0.330   13646.927
       0.335   13632.715
       0.340   13617.979
       0.345   13602.750
       0.350   13587.074
       0.355   13570.985
       0.360   13554.502
       0.365   13537.561
       0.370   13520.258
       0.375   13502.663
       0.380   13484.850
       0.385   13466.922
       0.390   13448.717
       0.395   13430.414
       0.400   13411.913
       0.405   13393.368
       0.410   13374.654
       0.415   13355.975
       0.420   13337.285
       0.425   13318.634
       0.430   13299.981
       0.435   13281.400
       0.440   13262.856
       0.445   13244.374
       0.450   13225.963
       0.455   13207.638
       0.460   13189.418
       0.465   13171.304
       0.470   13153.291
       0.475   13135.392
       0.480   13117.604
       0.485   13100.094
       0.490   13082.732
       0.495   13065.505
       0.500   13048.201
       0.505   13031.114
       0.510   13014.018
       0.515   12997.118
       0.520   12980.213
       0.525   12963.521
       0.530   12946.700
       0.535   12930.211
       0.540   12913.574
       0.545   12897.355
       0.550   12880.672
       0.555   12864.404
       0.560   12848.082
       0.565   12831.812
       0.570   12815.639
       0.575   12799.441
       0.580   12783.281
       0.585   12767.185
       0.590   12751.112
       0.595   12735.032
       0.600   12719.023
       0.605   12702.931
       0.610   12686.858
       0.615   12670.785
       0.620   12654.714
       0.625   12638.624
       0.630   12622.447
       0.635   12606.343
       0.640   12590.093
       0.645   12573.938
       0.650   12557.660
       0.655   12541.309
       0.660   12524.893
       0.665   12508.504
       0.670   12491.975
       0.675   12475.419
       0.680   12458.817
       0.685   12442.074
       0.690   12425.219
       0.695   12408.355
       0.700   12391.367
       0.705   12374.203
       0.710   12357.011
       0.715   12339.627
       0.720   12322.215
       0.725   12304.598
       0.730   12286.948
       0.735   12269.106
       0.740   12251.095
       0.745   12232.928
       0.750   12214.588
       0.755   12196.182
       0.760   12177.437
       0.765   12158.664
       0.770   12139.645
       0.775   12120.509
       0.780   12101.090
       0.785   12081.538
       0.790   12061.731
       0.795   12041.776
       0.800   12021.442
       0.805   12000.954
       0.810   11980.230
       0.815   11959.269
       0.820   11938.097
       0.825   11916.605
       0.830   11894.846
       0.835   11872.790
       0.840   11850.452
       0.845   11827.837
       0.850   11804.849
       0.855   11781.570
       0.860   11757.994
       0.865   11734.024
       0.870   11709.754
       0.875   11685.138
       0.880   11660.160
       0.885   11634.853
       0.890   11609.170
       0.895   11583.116
       0.900   11556.683
       0.905   11531.946
       0.910   11505.012
       0.915   11477.758
       0.920   11449.571
       0.925   11421.467
       0.930   11392.404
       0.935   11363.445
       0.940   11333.626
       0.945   11304.124
       0.950   11273.699
       0.955   11242.836
       0.960   11211.360
       0.965   11179.775
       0.970   11147.410
       0.975   11115.065
       0.980   11081.916
       0.985   11048.630
       0.990   11014.881
       0.995   10980.462
       1.000   10945.933
