 
       0.005     937.648
       0.010    1874.265
       0.015    2809.853
       0.020    3744.414
       0.025    4677.950
       0.030    5610.461
       0.035    6541.950
       0.040    7472.417
       0.045    8213.414
       0.050    9036.817
       0.055    9810.855
       0.060   10508.527
       0.065   11109.470
       0.070   11604.531
       0.075   11996.558
       0.080   12297.673
       0.085   12525.497
       0.090   12699.060
       0.095   12835.563
       0.100   12948.493
       0.105   13046.993
       0.110   13136.247
       0.115   13218.441
       0.120   13293.923
       0.125   13362.246
       0.130   13422.947
       0.135   13475.980
       0.140   13521.866
       0.145   13561.592
       0.150   13596.421
       0.155   13627.630
       0.160   13656.322
       0.165   13683.288
       0.170   13708.969
       0.175   13733.485
       0.180   13756.714
       0.185   13778.402
       0.190   13798.269
       0.195   13816.097
       0.200   13831.793
       0.205   13845.412
       0.210   13857.147
       0.215   13867.298
       0.220   13876.219
       0.225   13884.258
       0.230   13891.716
       0.235   13898.821
       0.240   13905.720
       0.245   13912.476
       0.250   13919.069
       0.255   13925.418
       0.260   13931.397
       0.265   13936.859
       0.270   13941.669
       0.275   13945.713
       0.280   13948.925
       0.285   13951.290
       0.290   13952.860
       0.295   13953.757
       0.300   13954.152
       0.305   13954.215
       0.310   13954.064
       0.315   13953.757
       0.320   13953.303
       0.325   13952.682
       0.330   13951.857
       0.335   13950.766
       0.340   13948.684
       0.345   13946.521
       0.350   13945.250
       0.355   13942.869
       0.360   13938.757
       0.365   13936.328
       0.370   13927.638
       0.375   13929.038
       0.380   13924.841
       0.385   13921.722
       0.390   13917.064
       0.395   13912.349
       0.400   13907.367
       0.405   13902.467
       0.410   13896.671
       0.415   13891.119
       0.420   13884.730
       0.425   13878.487
       0.430   13871.795
       0.435   13865.099
       0.440   13858.039
       0.445   13850.809
       0.450   13843.282
       0.455   13835.616
       0.460   13827.704
       0.465   13819.667
       0.470   13811.393
       0.475   13802.956
       0.480   13794.354
       0.485   13785.477
       0.490   13776.520
       0.495   13767.309
       0.500   13758.058
       0.505   13748.564
       0.510   13739.045
       0.515   13729.292
       0.520   13719.524
       0.525   13709.549
       0.530   13699.543
       0.535   13689.343
       0.540   13679.113
       0.545   13668.720
       0.550   13658.303
       0.555   13647.792
       0.560   13637.175
       0.565   13626.493
       0.570   13615.774
       0.575   13604.950
       0.580   13594.087
       0.585   13583.131
       0.590   13572.186
       0.595   13561.099
       0.600   13550.039
       0.605   13538.861
       0.610   13527.681
       0.615   13516.394
       0.620   13505.166
       0.625   13493.795
       0.630   13482.475
       0.635   13471.016
       0.640   13459.615
       0.645   13448.070
       0.650   13436.571
       0.655   13424.968
       0.660   13413.376
       0.665   13401.684
       0.670   13390.179
       0.675   13378.997
       0.680   13367.058
       0.685   13355.183
       0.690   13343.569
       0.695   13331.496
       0.700   13319.640
       0.705   13307.628
       0.710   13295.637
       0.715   13283.285
       0.720   13271.110
       0.725   13259.013
       0.730   13246.543
       0.735   13234.146
       0.740   13221.802
       0.745   13209.289
       0.750   13196.779
       0.755   13184.316
       0.760   13171.597
       0.765   13159.018
       0.770   13146.051
       0.775   13133.146
       0.780   13120.187
       0.785   13107.172
       0.790   13094.073
       0.795   13080.894
       0.800   13067.716
       0.805   13054.398
       0.810   13040.996
       0.815   13027.282
       0.820   13014.046
       0.825   13000.124
       0.830   12986.806
       0.835   12972.686
       0.840   12958.586
       0.845   12944.876
       0.850   12930.606
       0.855   12916.448
       0.860   12902.089
       0.865   12887.795
       0.870   12873.220
       0.875   12858.735
       0.880   12843.934
       0.885   12829.284
       0.890   12814.234
       0.895   12799.042
       0.900   12784.148
       0.905   12768.852
       0.910   12753.526
       0.915   12738.021
       0.920   12722.611
       0.925   12706.756
       0.930   12691.138
       0.935   12674.912
       0.940   12659.043
       0.945   12642.603
       0.950   12626.203
       0.955   12609.815
       0.960   12593.095
       0.965   12576.427
       0.970   12559.414
       0.975   12542.468
       0.980   12525.119
       0.985   12507.693
       0.990   12490.284
       0.995   12472.467
       1.000   12454.776
