 
       0.005     937.648
       0.010    1874.265
       0.015    2809.853
       0.020    3744.414
       0.025    4677.950
       0.030    5610.461
       0.035    6541.950
       0.040    7472.417
       0.045    8213.432
       0.050    9036.860
       0.055    9810.960
       0.060   10508.782
       0.065   11110.007
       0.070   11605.562
       0.075   11998.311
       0.080   12300.378
       0.085   12529.336
       0.090   12704.146
       0.095   12841.961
       0.100   12956.234
       0.105   13056.095
       0.110   13146.736
       0.115   13230.357
       0.120   13307.319
       0.125   13377.179
       0.130   13439.467
       0.135   13494.134
       0.140   13541.680
       0.145   13583.087
       0.150   13619.602
       0.155   13652.501
       0.160   13682.887
       0.165   13711.556
       0.170   13738.956
       0.175   13765.214
       0.180   13790.213
       0.185   13813.700
       0.190   13835.396
       0.195   13855.079
       0.200   13872.653
       0.205   13888.165
       0.210   13901.801
       0.215   13913.854
       0.220   13924.671
       0.225   13934.600
       0.230   13943.948
       0.235   13952.953
       0.240   13961.769
       0.245   13970.464
       0.250   13979.023
       0.255   13987.363
       0.260   13995.361
       0.265   14002.876
       0.270   14009.774
       0.275   14015.951
       0.280   14021.345
       0.285   14025.946
       0.290   14029.800
       0.295   14032.993
       0.300   14035.647
       0.305   14037.885
       0.310   14039.819
       0.315   14041.538
       0.320   14043.103
       0.325   14044.559
       0.330   14045.935
       0.335   14047.247
       0.340   14048.498
       0.345   14049.673
       0.350   14050.747
       0.355   14051.688
       0.360   14052.464
       0.365   14053.053
       0.370   14053.444
       0.375   14053.644
       0.380   14053.674
       0.385   14053.566
       0.390   14053.347
       0.395   14053.044
       0.400   14052.669
       0.405   14052.230
       0.410   14051.726
       0.415   14051.155
       0.420   14050.510
       0.425   14049.785
       0.430   14048.969
       0.435   14048.053
       0.440   14047.026
       0.445   14045.880
       0.450   14044.614
       0.455   14043.237
       0.460   14041.587
       0.465   14040.211
       0.470   14038.135
       0.475   14036.109
       0.480   14034.124
       0.485   14032.570
       0.490   14030.380
       0.495   14028.626
       0.500   14026.567
       0.505   14023.574
       0.510   14020.767
       0.515   14017.369
       0.520   14014.937
       0.525   14012.765
       0.530   14009.875
       0.535   14007.805
       0.540   14003.266
       0.545   14001.172
       0.550   13997.446
       0.555   13993.784
       0.560   13990.090
       0.565   13986.401
       0.570   13981.124
       0.575   13978.415
       0.580   13974.446
       0.585   13970.363
       0.590   13966.163
       0.595   13961.330
       0.600   13957.124
       0.605   13952.369
       0.610   13947.646
       0.615   13942.656
       0.620   13937.760
       0.625   13932.423
       0.630   13927.247
       0.635   13921.817
       0.640   13916.355
       0.645   13910.617
       0.650   13904.889
       0.655   13898.925
       0.660   13892.933
       0.665   13886.673
       0.670   13880.397
       0.675   13873.839
       0.680   13867.260
       0.685   13860.400
       0.690   13853.511
       0.695   13846.323
       0.700   13839.106
       0.705   13831.536
       0.710   13823.932
       0.715   13816.034
       0.720   13808.033
       0.725   13799.755
       0.730   13791.368
       0.735   13782.650
       0.740   13773.793
       0.745   13764.613
       0.750   13755.261
       0.755   13745.572
       0.760   13735.678
       0.765   13725.449
       0.770   13714.986
       0.775   13704.181
       0.780   13693.094
       0.785   13681.643
       0.790   13669.889
       0.795   13657.824
       0.800   13645.286
       0.805   13632.476
       0.810   13619.140
       0.815   13605.517
       0.820   13591.376
       0.825   13576.913
       0.830   13561.925
       0.835   13546.570
       0.840   13530.727
       0.845   13514.455
       0.850   13497.706
       0.855   13481.505
       0.860   13464.185
       0.865   13445.073
       0.870   13426.134
       0.875   13407.255
       0.880   13387.375
       0.885   13367.709
       0.890   13347.187
       0.895   13326.586
       0.900   13305.360
       0.905   13283.982
       0.910   13261.987
       0.915   13240.009
       0.920   13217.581
       0.925   13194.964
       0.930   13171.949
       0.935   13148.784
       0.940   13125.354
       0.945   13101.429
       0.950   13077.914
       0.955   13053.806
       0.960   13029.736
       0.965   13005.413
       0.970   12980.927
       0.975   12956.374
       0.980   12931.572
       0.985   12906.729
       0.990   12881.672
       0.995   12859.469
       1.000   12833.097
