 
       0.005     937.648
       0.010    1874.265
       0.015    2809.853
       0.020    3744.414
       0.025    4677.950
       0.030    5610.461
       0.035    6541.950
       0.040    7472.417
       0.045    8213.425
       0.050    9036.843
       0.055    9810.920
       0.060   10508.685
       0.065   11109.800
       0.070   11605.163
       0.075   11997.631
       0.080   12299.323
       0.085   12527.831
       0.090   12702.141
       0.095   12839.425
       0.100   12953.147
       0.105   13052.443
       0.110   13142.501
       0.115   13225.517
       0.120   13301.843
       0.125   13371.036
       0.130   13432.629
       0.135   13486.571
       0.140   13533.371
       0.145   13574.014
       0.150   13609.752
       0.155   13641.863
       0.160   13671.448
       0.165   13699.302
       0.170   13725.869
       0.175   13751.273
       0.180   13775.393
       0.185   13797.978
       0.190   13818.744
       0.195   13837.475
       0.200   13854.071
       0.205   13868.585
       0.210   13881.206
       0.215   13892.230
       0.220   13902.006
       0.225   13910.883
       0.230   13919.166
       0.235   13927.086
       0.240   13934.795
       0.245   13942.357
       0.250   13949.754
       0.255   13956.903
       0.260   13963.679
       0.265   13969.938
       0.270   13975.543
       0.275   13980.387
       0.280   13984.403
       0.285   13987.581
       0.290   13989.967
       0.295   13991.667
       0.300   13992.825
       0.305   13993.592
       0.310   13994.090
       0.315   13994.394
       0.320   13994.539
       0.325   13994.535
       0.330   13994.376
       0.335   13994.048
       0.340   13993.517
       0.345   13992.730
       0.350   13991.608
       0.355   13989.506
       0.360   13987.198
       0.365   13984.989
       0.370   13983.571
       0.375   13979.377
       0.380   13970.217
       0.385   13972.749
       0.390   13969.122
       0.395   13965.458
       0.400   13960.608
       0.405   13955.328
       0.410   13949.958
       0.415   13943.905
       0.420   13937.461
       0.425   13930.417
       0.430   13922.873
       0.435   13914.754
       0.440   13906.168
       0.445   13896.968
       0.450   13887.218
       0.455   13876.826
       0.460   13865.806
       0.465   13854.134
       0.470   13841.786
       0.475   13828.705
       0.480   13814.827
       0.485   13800.127
       0.490   13784.621
       0.495   13768.279
       0.500   13751.083
       0.505   13732.988
       0.510   13713.977
       0.515   13694.009
       0.520   13673.070
       0.525   13651.209
       0.530   13628.168
       0.535   13604.255
       0.540   13579.263
       0.545   13553.321
       0.550   13526.364
       0.555   13498.423
       0.560   13469.528
       0.565   13439.692
       0.570   13408.972
       0.575   13377.560
       0.580   13345.386
       0.585   13312.084
       0.590   13278.766
       0.595   13244.169
       0.600   13209.502
       0.605   13174.047
       0.610   13138.447
       0.615   13102.472
       0.620   13066.477
       0.625   13029.919
       0.630   12993.606
       0.635   12956.625
       0.640   12920.043
       0.645   12883.238
       0.650   12846.432
       0.655   12809.696
       0.660   12772.918
       0.665   12739.249
       0.670   12701.643
       0.675   12665.160
       0.680   12628.372
       0.685   12591.809
       0.690   12554.865
       0.695   12518.744
       0.700   12481.881
       0.705   12445.653
       0.710   12409.223
       0.715   12373.154
       0.720   12336.934
       0.725   12300.681
       0.730   12264.783
       0.735   12228.897
       0.740   12192.916
       0.745   12157.283
       0.750   12121.784
       0.755   12086.502
       0.760   12051.258
       0.765   12016.237
       0.770   11981.308
       0.775   11946.521
       0.780   11911.772
       0.785   11877.095
       0.790   11842.669
       0.795   11808.008
       0.800   11773.745
       0.805   11739.297
       0.810   11705.016
       0.815   11670.802
       0.820   11636.630
       0.825   11602.408
       0.830   11567.905
       0.835   11533.758
       0.840   11499.382
       0.845   11465.154
       0.850   11430.757
       0.855   11396.209
       0.860   11361.674
       0.865   11326.870
       0.870   11291.932
       0.875   11256.774
       0.880   11221.526
       0.885   11186.189
       0.890   11150.836
       0.895   11114.806
       0.900   11078.882
       0.905   11042.694
       0.910   11006.245
       0.915   10969.712
       0.920   10932.755
       0.925   10895.509
       0.930   10858.122
       0.935   10820.598
       0.940   10782.453
       0.945   10744.289
       0.950   10705.877
       0.955   10667.016
       0.960   10627.646
       0.965   10588.065
       0.970   10548.405
       0.975   10508.467
       0.980   10468.355
       0.985   10427.724
       0.990   10387.043
       0.995   10346.263
       1.000   10305.100
