 
       0.005     937.648
       0.010    1874.265
       0.015    2809.853
       0.020    3744.414
       0.025    4677.950
       0.030    5610.461
       0.035    6541.950
       0.040    7472.417
       0.045    8213.431
       0.050    9036.857
       0.055    9810.951
       0.060   10508.760
       0.065   11109.962
       0.070   11605.474
       0.075   11998.161
       0.080   12300.145
       0.085   12529.004
       0.090   12703.704
       0.095   12841.402
       0.100   12955.554
       0.105   13055.291
       0.110   13145.803
       0.115   13229.291
       0.120   13306.113
       0.125   13375.826
       0.130   13437.962
       0.135   13492.469
       0.140   13539.851
       0.145   13581.090
       0.150   13617.434
       0.155   13650.160
       0.160   13680.369
       0.165   13708.860
       0.170   13736.077
       0.175   13762.147
       0.180   13786.953
       0.185   13810.242
       0.190   13831.733
       0.195   13851.208
       0.200   13868.567
       0.205   13883.860
       0.210   13897.274
       0.215   13909.101
       0.220   13919.689
       0.225   13929.388
       0.230   13938.502
       0.235   13947.269
       0.240   13955.843
       0.245   13964.290
       0.250   13972.594
       0.255   13980.674
       0.260   13988.405
       0.265   13995.647
       0.270   14002.264
       0.275   14008.151
       0.280   14013.248
       0.285   14017.545
       0.290   14021.086
       0.295   14023.964
       0.300   14026.302
       0.305   14028.228
       0.310   14029.855
       0.315   14031.269
       0.320   14032.527
       0.325   14033.668
       0.330   14034.717
       0.335   14035.688
       0.340   14036.581
       0.345   14037.382
       0.350   14038.065
       0.355   14038.597
       0.360   14038.946
       0.365   14039.089
       0.370   14039.021
       0.375   14038.755
       0.380   14038.320
       0.385   14037.752
       0.390   14037.083
       0.395   14036.331
       0.400   14035.503
       0.405   14034.595
       0.410   14033.592
       0.415   14032.475
       0.420   14031.218
       0.425   14029.460
       0.430   14027.669
       0.435   14025.670
       0.440   14023.175
       0.445   14021.517
       0.450   14019.726
       0.455   14017.168
       0.460   14014.229
       0.465   14008.127
       0.470   14008.272
       0.475   14005.322
       0.480   14001.694
       0.485   13997.507
       0.490   13995.875
       0.495   13991.447
       0.500   13987.449
       0.505   13983.104
       0.510   13978.692
       0.515   13974.389
       0.520   13970.228
       0.525   13964.923
       0.530   13960.040
       0.535   13954.656
       0.540   13949.326
       0.545   13943.666
       0.550   13937.752
       0.555   13931.689
       0.560   13925.475
       0.565   13919.022
       0.570   13912.463
       0.575   13905.644
       0.580   13898.692
       0.585   13891.647
       0.590   13884.073
       0.595   13876.535
       0.600   13868.669
       0.605   13860.729
       0.610   13852.448
       0.615   13844.110
       0.620   13835.456
       0.625   13826.707
       0.630   13817.665
       0.635   13808.524
       0.640   13799.115
       0.645   13789.590
       0.650   13779.772
       0.655   13769.858
       0.660   13759.659
       0.665   13749.406
       0.670   13738.803
       0.675   13728.117
       0.680   13717.283
       0.685   13706.256
       0.690   13695.049
       0.695   13683.686
       0.700   13672.155
       0.705   13660.483
       0.710   13648.645
       0.715   13636.684
       0.720   13624.562
       0.725   13612.338
       0.730   13599.981
       0.735   13587.473
       0.740   13574.897
       0.745   13562.165
       0.750   13549.391
       0.755   13536.435
       0.760   13523.465
       0.765   13510.311
       0.770   13497.154
       0.775   13484.222
       0.780   13471.273
       0.785   13457.473
       0.790   13444.241
       0.795   13430.242
       0.800   13416.797
       0.805   13403.038
       0.810   13389.186
       0.815   13375.346
       0.820   13361.456
       0.825   13347.426
       0.830   13333.377
       0.835   13319.167
       0.840   13304.975
       0.845   13290.695
       0.850   13276.251
       0.855   13261.902
       0.860   13247.344
       0.865   13232.830
       0.870   13218.131
       0.875   13203.408
       0.880   13188.671
       0.885   13173.977
       0.890   13158.967
       0.895   13143.835
       0.900   13129.041
       0.905   13113.718
       0.910   13098.882
       0.915   13083.374
       0.920   13068.513
       0.925   13052.847
       0.930   13037.298
       0.935   13021.862
       0.940   13006.263
       0.945   12990.683
       0.950   12974.915
       0.955   12959.204
       0.960   12943.222
       0.965   12927.372
       0.970   12911.326
       0.975   12895.291
       0.980   12878.978
       0.985   12862.807
       0.990   12846.417
       0.995   12829.998
       1.000   12813.466
