 
       0.005     937.648
       0.010    1874.265
       0.015    2809.853
       0.020    3744.414
       0.025    4677.950
       0.030    5610.461
       0.035    6541.950
       0.040    7472.417
       0.045    8213.398
       0.050    9036.779
       0.055    9810.761
       0.060   10508.302
       0.065   11109.014
       0.070   11603.621
       0.075   11995.002
       0.080   12295.265
       0.085   12522.068
       0.090   12694.496
       0.095   12829.798
       0.100   12941.490
       0.105   13038.724
       0.110   13126.676
       0.115   13207.521
       0.120   13281.593
       0.125   13348.443
       0.130   13407.608
       0.135   13459.052
       0.140   13503.305
       0.145   13541.369
       0.150   13574.514
       0.155   13604.022
       0.160   13630.994
       0.165   13656.215
       0.170   13680.121
       0.175   13702.823
       0.180   13724.196
       0.185   13743.982
       0.190   13761.899
       0.195   13777.732
       0.200   13791.390
       0.205   13802.935
       0.210   13812.567
       0.215   13820.600
       0.220   13827.395
       0.225   13833.307
       0.230   13838.627
       0.235   13843.567
       0.240   13848.257
       0.245   13852.750
       0.250   13857.021
       0.255   13860.981
       0.260   13864.487
       0.265   13867.368
       0.270   13869.427
       0.275   13870.433
       0.280   13870.034
       0.285   13867.938
       0.290   13864.780
       0.295   13861.057
       0.300   13857.723
       0.305   13852.436
       0.310   13847.626
       0.315   13840.206
       0.320   13832.818
       0.325   13824.605
       0.330   13815.667
       0.335   13805.792
       0.340   13794.923
       0.345   13783.103
       0.350   13770.422
       0.355   13756.898
       0.360   13742.487
       0.365   13727.154
       0.370   13710.901
       0.375   13693.708
       0.380   13675.512
       0.385   13656.318
       0.390   13636.189
       0.395   13615.190
       0.400   13593.328
       0.405   13570.595
       0.410   13546.979
       0.415   13522.554
       0.420   13497.184
       0.425   13471.137
       0.430   13444.331
       0.435   13416.940
       0.440   13388.918
       0.445   13360.341
       0.450   13331.254
       0.455   13301.707
       0.460   13271.787
       0.465   13241.562
       0.470   13211.280
       0.475   13180.747
       0.480   13150.210
       0.485   13119.425
       0.490   13088.511
       0.495   13057.489
       0.500   13026.761
       0.505   12995.814
       0.510   12965.212
       0.515   12934.394
       0.520   12904.112
       0.525   12873.609
       0.530   12843.403
       0.535   12813.453
       0.540   12783.563
       0.545   12753.941
       0.550   12724.469
       0.555   12695.190
       0.560   12666.173
       0.565   12637.329
       0.570   12608.679
       0.575   12580.232
       0.580   12553.961
       0.585   12525.742
       0.590   12497.729
       0.595   12470.153
       0.600   12442.633
       0.605   12415.209
       0.610   12388.209
       0.615   12361.184
       0.620   12334.555
       0.625   12307.474
       0.630   12281.124
       0.635   12254.745
       0.640   12228.598
       0.645   12202.357
       0.650   12176.464
       0.655   12150.645
       0.660   12125.010
       0.665   12099.264
       0.670   12073.575
       0.675   12047.821
       0.680   12022.284
       0.685   11996.800
       0.690   11971.269
       0.695   11945.708
       0.700   11920.127
       0.705   11894.352
       0.710   11868.715
       0.715   11842.813
       0.720   11816.972
       0.725   11790.940
       0.730   11764.722
       0.735   11738.477
       0.740   11711.991
       0.745   11685.423
       0.750   11658.667
       0.755   11631.816
       0.760   11604.736
       0.765   11577.519
       0.770   11549.723
       0.775   11521.568
       0.780   11493.416
       0.785   11465.105
       0.790   11436.527
       0.795   11407.668
       0.800   11377.907
       0.805   11348.276
       0.810   11318.310
       0.815   11288.025
       0.820   11257.269
       0.825   11226.242
       0.830   11194.969
       0.835   11163.302
       0.840   11131.265
       0.845   11098.747
       0.850   11065.966
       0.855   11032.894
       0.860   10999.408
       0.865   10965.613
       0.870   10931.209
       0.875   10896.645
       0.880   10861.825
       0.885   10826.480
       0.890   10790.704
       0.895   10754.383
       0.900   10717.801
       0.905   10681.011
       0.910   10643.879
       0.915   10605.949
       0.920   10567.977
       0.925   10529.742
       0.930   10491.167
       0.935   10452.457
       0.940   10413.323
       0.945   10374.150
       0.950   10334.425
       0.955   10294.594
       0.960   10254.485
       0.965   10213.999
       0.970   10173.553
       0.975   10132.931
       0.980   10092.085
       0.985   10051.253
       0.990   10010.068
       0.995    9968.908
       1.000    9927.854
