 
       0.005     937.648
       0.010    1874.265
       0.015    2809.853
       0.020    3744.414
       0.025    4677.950
       0.030    5610.461
       0.035    6541.950
       0.040    7472.417
       0.045    8213.431
       0.050    9036.857
       0.055    9810.953
       0.060   10508.765
       0.065   11109.971
       0.070   11605.492
       0.075   11998.193
       0.080   12300.194
       0.085   12529.073
       0.090   12703.795
       0.095   12841.517
       0.100   12955.692
       0.105   13055.452
       0.110   13145.989
       0.115   13229.502
       0.120   13306.349
       0.125   13376.088
       0.130   13438.251
       0.135   13492.786
       0.140   13540.196
       0.145   13581.463
       0.150   13617.835
       0.155   13650.588
       0.160   13680.825
       0.165   13709.343
       0.170   13736.587
       0.175   13762.684
       0.180   13787.518
       0.185   13810.834
       0.190   13832.353
       0.195   13851.855
       0.200   13869.242
       0.205   13884.562
       0.210   13898.002
       0.215   13909.856
       0.220   13920.470
       0.225   13930.193
       0.230   13939.332
       0.235   13948.123
       0.240   13956.721
       0.245   13965.191
       0.250   13973.517
       0.255   13981.620
       0.260   13989.373
       0.265   13996.636
       0.270   14003.273
       0.275   14009.181
       0.280   14014.297
       0.285   14018.613
       0.290   14022.172
       0.295   14025.067
       0.300   14027.419
       0.305   14029.358
       0.310   14030.998
       0.315   14032.422
       0.320   14033.690
       0.325   14034.839
       0.330   14035.896
       0.335   14036.874
       0.340   14037.773
       0.345   14038.578
       0.350   14039.263
       0.355   14039.795
       0.360   14040.142
       0.365   14040.281
       0.370   14040.205
       0.375   14039.927
       0.380   14039.478
       0.385   14038.893
       0.390   14038.204
       0.395   14037.429
       0.400   14036.575
       0.405   14035.634
       0.410   14034.593
       0.415   14033.428
       0.420   14032.109
       0.425   14030.196
       0.430   14028.465
       0.435   14026.499
       0.440   14024.646
       0.445   14021.214
       0.450   14019.761
       0.455   14016.883
       0.460   14013.956
       0.465   14007.233
       0.470   14007.517
       0.475   14004.538
       0.480   14000.994
       0.485   13997.456
       0.490   13993.428
       0.495   13989.115
       0.500   13984.745
       0.505   13980.528
       0.510   13975.407
       0.515   13970.636
       0.520   13965.194
       0.525   13959.505
       0.530   13953.651
       0.535   13947.651
       0.540   13941.251
       0.545   13934.680
       0.550   13927.768
       0.555   13920.637
       0.560   13913.170
       0.565   13905.478
       0.570   13897.447
       0.575   13889.141
       0.580   13880.531
       0.585   13871.446
       0.590   13862.140
       0.595   13852.406
       0.600   13842.385
       0.605   13831.933
       0.610   13821.162
       0.615   13809.961
       0.620   13798.408
       0.625   13786.440
       0.630   13774.094
       0.635   13761.320
       0.640   13748.113
       0.645   13734.487
       0.650   13720.540
       0.655   13705.913
       0.660   13691.068
       0.665   13675.626
       0.670   13659.914
       0.675   13643.680
       0.680   13627.074
       0.685   13610.016
       0.690   13592.589
       0.695   13574.722
       0.700   13556.528
       0.705   13537.954
       0.710   13519.018
       0.715   13499.751
       0.720   13480.173
       0.725   13460.922
       0.730   13440.246
       0.735   13419.919
       0.740   13399.387
       0.745   13378.404
       0.750   13357.204
       0.755   13336.286
       0.760   13314.783
       0.765   13293.375
       0.770   13271.449
       0.775   13249.816
       0.780   13227.730
       0.785   13205.862
       0.790   13183.597
       0.795   13161.272
       0.800   13138.887
       0.805   13116.590
       0.810   13094.140
       0.815   13071.743
       0.820   13049.078
       0.825   13026.513
       0.830   13003.865
       0.835   12981.158
       0.840   12958.490
       0.845   12935.732
       0.850   12912.968
       0.855   12890.090
       0.860   12867.143
       0.865   12844.329
       0.870   12821.232
       0.875   12800.424
       0.880   12776.767
       0.885   12753.901
       0.890   12730.663
       0.895   12707.501
       0.900   12684.040
       0.905   12660.994
       0.910   12637.169
       0.915   12614.054
       0.920   12590.624
       0.925   12567.523
       0.930   12543.902
       0.935   12520.614
       0.940   12497.037
       0.945   12473.506
       0.950   12449.454
       0.955   12426.109
       0.960   12401.966
       0.965   12378.403
       0.970   12354.457
       0.975   12330.655
       0.980   12306.523
       0.985   12282.792
       0.990   12258.490
       0.995   12234.341
       1.000   12209.863
