 
       0.005     937.648
       0.010    1874.265
       0.015    2809.853
       0.020    3744.414
       0.025    4677.950
       0.030    5610.461
       0.035    6541.950
       0.040    7472.417
       0.045    8213.418
       0.050    9036.826
       0.055    9810.878
       0.060   10508.584
       0.065   11109.588
       0.070   11604.754
       0.075   11996.935
       0.080   12298.252
       0.085   12526.314
       0.090   12700.134
       0.095   12836.905
       0.100   12950.105
       0.105   13048.874
       0.110   13138.397
       0.115   13220.865
       0.120   13296.626
       0.125   13365.234
       0.130   13426.225
       0.135   13479.552
       0.140   13525.730
       0.145   13565.747
       0.150   13600.861
       0.155   13632.350
       0.160   13661.316
       0.165   13688.553
       0.170   13714.500
       0.175   13739.280
       0.180   13762.772
       0.185   13784.721
       0.190   13804.847
       0.195   13822.932
       0.200   13838.881
       0.205   13852.748
       0.210   13864.725
       0.215   13875.111
       0.220   13884.258
       0.225   13892.514
       0.230   13900.183
       0.235   13907.492
       0.240   13914.591
       0.245   13921.542
       0.250   13928.326
       0.255   13934.862
       0.260   13941.022
       0.265   13946.662
       0.270   13951.644
       0.275   13955.857
       0.280   13959.233
       0.285   13961.759
       0.290   13963.485
       0.295   13964.527
       0.300   13965.050
       0.305   13965.222
       0.310   13965.164
       0.315   13964.937
       0.320   13964.556
       0.325   13964.006
       0.330   13963.250
       0.335   13962.230
       0.340   13960.639
       0.345   13958.540
       0.350   13956.757
       0.355   13952.995
       0.360   13950.517
       0.365   13943.265
       0.370   13943.911
       0.375   13940.466
       0.380   13936.404
       0.385   13932.104
       0.390   13926.928
       0.395   13921.557
       0.400   13916.503
       0.405   13910.467
       0.410   13904.439
       0.415   13897.873
       0.420   13890.973
       0.425   13883.725
       0.430   13876.121
       0.435   13868.171
       0.440   13859.952
       0.445   13851.342
       0.450   13842.452
       0.455   13833.237
       0.460   13823.732
       0.465   13813.924
       0.470   13803.811
       0.475   13793.347
       0.480   13782.610
       0.485   13771.533
       0.490   13760.247
       0.495   13748.638
       0.500   13736.827
       0.505   13724.733
       0.510   13712.433
       0.515   13699.890
       0.520   13687.135
       0.525   13674.170
       0.530   13661.112
       0.535   13647.626
       0.540   13634.191
       0.545   13620.384
       0.550   13606.636
       0.555   13592.585
       0.560   13578.518
       0.565   13564.263
       0.570   13549.982
       0.575   13535.499
       0.580   13521.003
       0.585   13506.390
       0.590   13491.748
       0.595   13477.030
       0.600   13462.297
       0.605   13447.446
       0.610   13432.573
       0.615   13417.652
       0.620   13402.699
       0.625   13388.637
       0.630   13373.106
       0.635   13358.127
       0.640   13343.044
       0.645   13328.190
       0.650   13312.974
       0.655   13298.046
       0.660   13282.897
       0.665   13267.948
       0.670   13252.754
       0.675   13237.593
       0.680   13222.363
       0.685   13207.272
       0.690   13192.002
       0.695   13176.874
       0.700   13161.591
       0.705   13146.306
       0.710   13131.010
       0.715   13115.699
       0.720   13100.350
       0.725   13085.035
       0.730   13069.687
       0.735   13054.242
       0.740   13038.800
       0.745   13023.407
       0.750   13007.793
       0.755   12992.292
       0.760   12976.618
       0.765   12960.977
       0.770   12945.263
       0.775   12929.633
       0.780   12913.772
       0.785   12898.013
       0.790   12882.132
       0.795   12866.292
       0.800   12850.146
       0.805   12834.244
       0.810   12818.094
       0.815   12801.896
       0.820   12785.660
       0.825   12769.370
       0.830   12752.962
       0.835   12736.452
       0.840   12719.991
       0.845   12703.343
       0.850   12686.593
       0.855   12669.878
       0.860   12652.968
       0.865   12638.089
       0.870   12620.549
       0.875   12603.171
       0.880   12586.020
       0.885   12568.602
       0.890   12551.173
       0.895   12533.504
       0.900   12515.990
       0.905   12497.876
       0.910   12479.775
       0.915   12461.616
       0.920   12443.462
       0.925   12424.752
       0.930   12406.382
       0.935   12387.691
       0.940   12368.672
       0.945   12349.964
       0.950   12330.230
       0.955   12311.147
       0.960   12291.408
       0.965   12271.827
       0.970   12251.297
       0.975   12231.581
       0.980   12211.000
       0.985   12190.313
       0.990   12169.551
       0.995   12148.723
       1.000   12127.393
