 
       0.005     937.648
       0.010    1874.265
       0.015    2809.853
       0.020    3744.414
       0.025    4677.950
       0.030    5610.461
       0.035    6541.950
       0.040    7472.417
       0.045    8213.431
       0.050    9036.858
       0.055    9810.955
       0.060   10508.770
       0.065   11109.982
       0.070   11605.513
       0.075   11998.228
       0.080   12300.248
       0.085   12529.151
       0.090   12703.899
       0.095   12841.650
       0.100   12955.855
       0.105   13055.647
       0.110   13146.216
       0.115   13229.763
       0.120   13306.647
       0.125   13376.425
       0.130   13438.628
       0.135   13493.206
       0.140   13540.661
       0.145   13581.974
       0.150   13618.394
       0.155   13651.196
       0.160   13681.484
       0.165   13710.054
       0.170   13737.352
       0.175   13763.506
       0.180   13788.397
       0.185   13811.775
       0.190   13833.357
       0.195   13852.924
       0.200   13870.379
       0.205   13885.769
       0.210   13899.281
       0.215   13911.209
       0.220   13921.899
       0.225   13931.700
       0.230   13940.918
       0.235   13949.792
       0.240   13958.474
       0.245   13967.031
       0.250   13975.448
       0.255   13983.644
       0.260   13991.495
       0.265   13998.858
       0.270   14005.601
       0.275   14011.617
       0.280   14016.847
       0.285   14021.280
       0.290   14024.962
       0.295   14027.982
       0.300   14030.461
       0.305   14032.526
       0.310   14034.291
       0.315   14035.842
       0.320   14037.237
       0.325   14038.519
       0.330   14039.715
       0.335   14040.839
       0.340   14041.893
       0.345   14042.864
       0.350   14043.724
       0.355   14044.442
       0.360   14044.986
       0.365   14045.334
       0.370   14045.477
       0.375   14045.426
       0.380   14045.206
       0.385   14044.851
       0.390   14044.391
       0.395   14043.848
       0.400   14043.234
       0.405   14042.551
       0.410   14041.792
       0.415   14040.950
       0.420   14040.009
       0.425   14038.954
       0.430   14037.767
       0.435   14036.429
       0.440   14034.609
       0.445   14032.789
       0.450   14030.768
       0.455   14028.168
       0.460   14026.688
       0.465   14024.684
       0.470   14022.628
       0.475   14020.248
       0.480   14017.601
       0.485   14009.997
       0.490   14011.736
       0.495   14008.279
       0.500   14005.009
       0.505   14001.569
       0.510   13999.597
       0.515   13995.439
       0.520   13992.559
       0.525   13988.231
       0.530   13984.573
       0.535   13980.012
       0.540   13975.637
       0.545   13971.120
       0.550   13966.874
       0.555   13962.076
       0.560   13957.340
       0.565   13952.133
       0.570   13947.107
       0.575   13941.769
       0.580   13936.247
       0.585   13930.591
       0.590   13924.872
       0.595   13918.947
       0.600   13912.924
       0.605   13906.893
       0.610   13900.330
       0.615   13893.853
       0.620   13887.128
       0.625   13880.383
       0.630   13873.364
       0.635   13866.343
       0.640   13859.040
       0.645   13851.739
       0.650   13844.130
       0.655   13836.538
       0.660   13828.658
       0.665   13820.766
       0.670   13812.616
       0.675   13804.428
       0.680   13795.995
       0.685   13787.535
       0.690   13778.814
       0.695   13770.102
       0.700   13761.130
       0.705   13752.142
       0.710   13742.938
       0.715   13733.698
       0.720   13724.234
       0.725   13714.737
       0.730   13705.119
       0.735   13695.294
       0.740   13685.460
       0.745   13675.372
       0.750   13665.321
       0.755   13655.055
       0.760   13644.780
       0.765   13634.286
       0.770   13623.841
       0.775   13613.126
       0.780   13602.501
       0.785   13591.571
       0.790   13580.734
       0.795   13569.649
       0.800   13558.584
       0.805   13547.350
       0.810   13536.160
       0.815   13524.717
       0.820   13513.323
       0.825   13503.218
       0.830   13490.865
       0.835   13479.199
       0.840   13467.472
       0.845   13455.723
       0.850   13443.715
       0.855   13432.157
       0.860   13419.886
       0.865   13408.056
       0.870   13395.225
       0.875   13382.951
       0.880   13370.577
       0.885   13357.936
       0.890   13345.675
       0.895   13332.879
       0.900   13320.584
       0.905   13307.460
       0.910   13294.852
       0.915   13281.687
       0.920   13268.928
       0.925   13255.537
       0.930   13242.670
       0.935   13229.086
       0.940   13216.119
       0.945   13202.392
       0.950   13189.196
       0.955   13175.357
       0.960   13161.648
       0.965   13147.831
       0.970   13134.147
       0.975   13120.120
       0.980   13106.265
       0.985   13091.979
       0.990   13077.951
       0.995   13063.645
       1.000   13049.385
