 
       0.005     937.648
       0.010    1874.265
       0.015    2809.853
       0.020    3744.414
       0.025    4677.950
       0.030    5610.461
       0.035    6541.950
       0.040    7472.417
       0.045    8213.432
       0.050    9036.860
       0.055    9810.960
       0.060   10508.782
       0.065   11110.008
       0.070   11605.562
       0.075   11998.312
       0.080   12300.379
       0.085   12529.337
       0.090   12704.148
       0.095   12841.964
       0.100   12956.237
       0.105   13056.098
       0.110   13146.740
       0.115   13230.362
       0.120   13307.324
       0.125   13377.184
       0.130   13439.474
       0.135   13494.141
       0.140   13541.688
       0.145   13583.096
       0.150   13619.611
       0.155   13652.512
       0.160   13682.898
       0.165   13711.569
       0.170   13738.970
       0.175   13765.229
       0.180   13790.228
       0.185   13813.717
       0.190   13835.413
       0.195   13855.098
       0.200   13872.673
       0.205   13888.186
       0.210   13901.824
       0.215   13913.879
       0.220   13924.696
       0.225   13934.627
       0.230   13943.976
       0.235   13952.983
       0.240   13961.801
       0.245   13970.498
       0.250   13979.058
       0.255   13987.400
       0.260   13995.401
       0.265   14002.918
       0.270   14009.818
       0.275   14015.996
       0.280   14021.393
       0.285   14025.996
       0.290   14029.852
       0.295   14033.049
       0.300   14035.705
       0.305   14037.945
       0.310   14039.882
       0.315   14041.604
       0.320   14043.172
       0.325   14044.630
       0.330   14046.009
       0.335   14047.325
       0.340   14048.579
       0.345   14049.758
       0.350   14050.836
       0.355   14051.781
       0.360   14052.562
       0.365   14053.154
       0.370   14053.550
       0.375   14053.755
       0.380   14053.791
       0.385   14053.687
       0.390   14053.474
       0.395   14053.175
       0.400   14052.806
       0.405   14052.372
       0.410   14051.874
       0.415   14051.309
       0.420   14050.670
       0.425   14049.952
       0.430   14049.144
       0.435   14048.237
       0.440   14047.220
       0.445   14046.086
       0.450   14044.833
       0.455   14043.469
       0.460   14041.937
       0.465   14040.472
       0.470   14038.408
       0.475   14036.470
       0.480   14034.236
       0.485   14032.931
       0.490   14030.675
       0.495   14028.159
       0.500   14027.115
       0.505   14023.797
       0.510   14021.352
       0.515   14016.457
       0.520   14015.703
       0.525   14004.523
       0.530   14009.500
       0.535   14006.355
       0.540   14003.530
       0.545   14001.802
       0.550   13998.127
       0.555   13994.534
       0.560   13990.910
       0.565   13986.372
       0.570   13983.555
       0.575   13979.574
       0.580   13975.497
       0.585   13971.546
       0.590   13967.199
       0.595   13963.134
       0.600   13958.462
       0.605   13954.267
       0.610   13949.295
       0.615   13944.928
       0.620   13939.785
       0.625   13934.904
       0.630   13929.771
       0.635   13924.614
       0.640   13919.220
       0.645   13913.838
       0.650   13908.142
       0.655   13902.584
       0.660   13896.729
       0.665   13890.904
       0.670   13884.786
       0.675   13878.724
       0.680   13872.344
       0.685   13866.010
       0.690   13859.399
       0.695   13852.801
       0.700   13845.912
       0.705   13839.035
       0.710   13831.884
       0.715   13824.688
       0.720   13817.233
       0.725   13809.757
       0.730   13802.012
       0.735   13794.210
       0.740   13786.157
       0.745   13778.035
       0.750   13769.600
       0.755   13761.110
       0.760   13752.319
       0.765   13743.431
       0.770   13734.273
       0.775   13724.982
       0.780   13715.404
       0.785   13705.754
       0.790   13695.699
       0.795   13685.581
       0.800   13675.069
       0.805   13664.485
       0.810   13653.495
       0.815   13642.388
       0.820   13630.858
       0.825   13619.258
       0.830   13607.186
       0.835   13595.043
       0.840   13582.458
       0.845   13569.714
       0.850   13556.632
       0.855   13543.324
       0.860   13529.623
       0.865   13515.744
       0.870   13501.532
       0.875   13487.030
       0.880   13472.521
       0.885   13457.264
       0.890   13442.467
       0.895   13426.526
       0.900   13410.970
       0.905   13394.537
       0.910   13378.337
       0.915   13361.400
       0.920   13344.750
       0.925   13327.427
       0.930   13310.338
       0.935   13292.538
       0.940   13275.041
       0.945   13256.910
       0.950   13239.115
       0.955   13220.716
       0.960   13202.492
       0.965   13183.612
       0.970   13165.192
       0.975   13146.122
       0.980   13127.395
       0.985   13107.952
       0.990   13089.038
       0.995   13069.396
       1.000   13049.695
