 
       0.005     937.648
       0.010    1874.265
       0.015    2809.853
       0.020    3744.414
       0.025    4677.950
       0.030    5610.461
       0.035    6541.950
       0.040    7472.417
       0.045    8213.430
       0.050    9036.854
       0.055    9810.947
       0.060   10508.748
       0.065   11109.936
       0.070   11605.426
       0.075   11998.079
       0.080   12300.017
       0.085   12528.821
       0.090   12703.458
       0.095   12841.090
       0.100   12955.171
       0.105   13054.835
       0.110   13145.273
       0.115   13228.681
       0.120   13305.419
       0.125   13375.042
       0.130   13437.084
       0.135   13491.492
       0.140   13538.771
       0.145   13579.904
       0.150   13616.138
       0.155   13648.751
       0.160   13678.846
       0.165   13707.217
       0.170   13734.312
       0.175   13760.255
       0.180   13784.929
       0.185   13808.081
       0.190   13829.430
       0.195   13848.757
       0.200   13865.963
       0.205   13881.098
       0.210   13894.351
       0.215   13906.012
       0.220   13916.431
       0.225   13925.955
       0.230   13934.893
       0.235   13943.478
       0.240   13951.864
       0.245   13960.116
       0.250   13968.219
       0.255   13976.091
       0.260   13983.608
       0.265   13990.626
       0.270   13997.011
       0.275   14002.658
       0.280   14007.505
       0.285   14011.541
       0.290   14014.812
       0.295   14017.413
       0.300   14019.470
       0.305   14021.117
       0.310   14022.469
       0.315   14023.607
       0.320   14024.586
       0.325   14025.440
       0.330   14026.187
       0.335   14026.837
       0.340   14027.387
       0.345   14027.821
       0.350   14028.110
       0.355   14028.217
       0.360   14028.109
       0.365   14027.760
       0.370   14027.171
       0.375   14026.364
       0.380   14025.380
       0.385   14024.257
       0.390   14023.017
       0.395   14021.576
       0.400   14019.717
       0.405   14018.055
       0.410   14015.699
       0.415   14014.219
       0.420   14010.392
       0.425   14008.029
       0.430   14001.170
       0.435   14001.602
       0.440   13998.619
       0.445   13994.593
       0.450   13990.798
       0.455   13985.984
       0.460   13981.316
       0.465   13976.008
       0.470   13970.947
       0.475   13965.085
       0.480   13959.120
       0.485   13952.666
       0.490   13945.861
       0.495   13938.613
       0.500   13931.006
       0.505   13922.914
       0.510   13914.428
       0.515   13905.426
       0.520   13895.931
       0.525   13885.896
       0.530   13875.325
       0.535   13864.212
       0.540   13852.516
       0.545   13840.169
       0.550   13827.170
       0.555   13813.464
       0.560   13799.037
       0.565   13783.847
       0.570   13767.865
       0.575   13751.061
       0.580   13733.399
       0.585   13714.861
       0.590   13695.419
       0.595   13675.103
       0.600   13653.642
       0.605   13631.277
       0.610   13607.790
       0.615   13583.346
       0.620   13557.801
       0.625   13531.257
       0.630   13503.677
       0.635   13475.048
       0.640   13445.408
       0.645   13415.106
       0.650   13383.258
       0.655   13350.596
       0.660   13317.424
       0.665   13283.119
       0.670   13248.323
       0.675   13212.734
       0.680   13176.558
       0.685   13140.151
       0.690   13102.918
       0.695   13065.527
       0.700   13027.990
       0.705   12990.070
       0.710   12952.072
       0.715   12913.850
       0.720   12875.507
       0.725   12837.064
       0.730   12798.549
       0.735   12759.939
       0.740   12721.253
       0.745   12682.537
       0.750   12643.720
       0.755   12604.839
       0.760   12565.901
       0.765   12529.454
       0.770   12489.805
       0.775   12451.029
       0.780   12411.649
       0.785   12372.102
       0.790   12332.927
       0.795   12293.425
       0.800   12254.202
       0.805   12214.844
       0.810   12175.659
       0.815   12136.492
       0.820   12097.273
       0.825   12058.005
       0.830   12018.879
       0.835   11979.641
       0.840   11940.636
       0.845   11901.710
       0.850   11862.768
       0.855   11823.741
       0.860   11785.160
       0.865   11746.483
       0.870   11707.923
       0.875   11668.927
       0.880   11630.508
       0.885   11592.311
       0.890   11554.155
       0.895   11515.641
       0.900   11477.455
       0.905   11438.946
       0.910   11400.797
       0.915   11362.502
       0.920   11324.342
       0.925   11286.171
       0.930   11247.822
       0.935   11209.483
       0.940   11171.079
       0.945   11132.490
       0.950   11093.884
       0.955   11055.064
       0.960   11016.249
       0.965   10977.316
       0.970   10938.189
       0.975   10898.835
       0.980   10859.282
       0.985   10819.411
       0.990   10779.489
       0.995   10739.163
       1.000   10698.691
