 
       0.005     937.648
       0.010    1874.265
       0.015    2809.853
       0.020    3744.414
       0.025    4677.950
       0.030    5610.461
       0.035    6541.950
       0.040    7472.417
       0.045    8213.397
       0.050    9036.777
       0.055    9810.758
       0.060   10508.293
       0.065   11108.996
       0.070   11603.589
       0.075   11994.952
       0.080   12295.196
       0.085   12521.982
       0.090   12694.401
       0.095   12829.702
       0.100   12941.403
       0.105   13038.657
       0.110   13126.639
       0.115   13207.525
       0.120   13281.651
       0.125   13348.568
       0.130   13407.813
       0.135   13459.351
       0.140   13503.713
       0.145   13541.902
       0.150   13575.186
       0.155   13604.849
       0.160   13631.990
       0.165   13657.396
       0.170   13681.503
       0.175   13704.423
       0.180   13726.031
       0.185   13746.071
       0.190   13764.262
       0.195   13780.388
       0.200   13794.361
       0.205   13806.240
       0.210   13816.227
       0.215   13824.632
       0.220   13831.816
       0.225   13838.129
       0.230   13843.865
       0.235   13849.240
       0.240   13854.389
       0.245   13859.366
       0.250   13864.151
       0.255   13868.657
       0.260   13872.750
       0.265   13876.273
       0.270   13879.061
       0.275   13880.955
       0.280   13881.809
       0.285   13881.274
       0.290   13879.801
       0.295   13877.323
       0.300   13875.431
       0.305   13872.278
       0.310   13869.155
       0.315   13865.957
       0.320   13861.567
       0.325   13856.679
       0.330   13824.958
       0.335   13843.563
       0.340   13837.330
       0.345   13830.058
       0.350   13822.213
       0.355   13813.842
       0.360   13804.978
       0.365   13795.720
       0.370   13785.989
       0.375   13775.787
       0.380   13765.124
       0.385   13754.019
       0.390   13742.487
       0.395   13730.515
       0.400   13718.110
       0.405   13705.342
       0.410   13692.160
       0.415   13678.713
       0.420   13664.928
       0.425   13650.842
       0.430   13636.425
       0.435   13621.748
       0.440   13606.871
       0.445   13591.615
       0.450   13576.248
       0.455   13560.613
       0.460   13544.878
       0.465   13528.997
       0.470   13512.984
       0.475   13496.819
       0.480   13480.541
       0.485   13464.193
       0.490   13447.774
       0.495   13431.299
       0.500   13414.811
       0.505   13398.311
       0.510   13381.804
       0.515   13365.259
       0.520   13348.707
       0.525   13332.142
       0.530   13315.602
       0.535   13299.060
       0.540   13282.559
       0.545   13266.502
       0.550   13250.016
       0.555   13233.643
       0.560   13217.610
       0.565   13201.135
       0.570   13185.106
       0.575   13168.862
       0.580   13152.788
       0.585   13136.398
       0.590   13120.444
       0.595   13104.141
       0.600   13088.161
       0.605   13072.193
       0.610   13056.245
       0.615   13040.067
       0.620   13024.274
       0.625   13008.079
       0.630   12992.365
       0.635   12976.198
       0.640   12960.353
       0.645   12944.254
       0.650   12928.411
       0.655   12912.407
       0.660   12896.521
       0.665   12880.544
       0.670   12864.602
       0.675   12848.588
       0.680   12832.614
       0.685   12816.543
       0.690   12800.513
       0.695   12784.375
       0.700   12768.169
       0.705   12752.110
       0.710   12735.886
       0.715   12719.536
       0.720   12703.312
       0.725   12689.326
       0.730   12672.368
       0.735   12655.970
       0.740   12639.201
       0.745   12620.678
       0.750   12604.091
       0.755   12587.193
       0.760   12572.772
       0.765   12554.810
       0.770   12538.097
       0.775   12520.734
       0.780   12503.351
       0.785   12486.006
       0.790   12468.551
       0.795   12451.044
       0.800   12433.318
       0.805   12415.734
       0.810   12397.564
       0.815   12379.188
       0.820   12361.202
       0.825   12342.628
       0.830   12323.993
       0.835   12305.514
       0.840   12286.719
       0.845   12267.532
       0.850   12248.595
       0.855   12228.928
       0.860   12209.381
       0.865   12189.378
       0.870   12169.720
       0.875   12148.896
       0.880   12128.714
       0.885   12107.967
       0.890   12087.076
       0.895   12066.112
       0.900   12044.866
       0.905   12023.134
       0.910   12001.423
       0.915   11979.241
       0.920   11956.894
       0.925   11933.950
       0.930   11911.250
       0.935   11888.360
       0.940   11864.142
       0.945   11840.776
       0.950   11816.517
       0.955   11792.149
       0.960   11767.546
       0.965   11742.154
       0.970   11716.467
       0.975   11690.634
       0.980   11664.505
       0.985   11638.061
       0.990   11611.021
       0.995   11584.034
       1.000   11556.585
