 
       0.005     937.648
       0.010    1874.265
       0.015    2809.853
       0.020    3744.414
       0.025    4677.950
       0.030    5610.461
       0.035    6541.950
       0.040    7472.417
       0.045    8213.405
       0.050    9036.795
       0.055    9810.801
       0.060   10508.396
       0.065   11109.206
       0.070   11603.999
       0.075   11995.647
       0.080   12296.262
       0.085   12523.485
       0.090   12696.378
       0.095   12832.170
       0.100   12944.365
       0.105   13042.111
       0.110   13130.588
       0.115   13211.974
       0.120   13286.611
       0.125   13354.047
       0.130   13413.822
       0.135   13465.894
       0.140   13510.789
       0.145   13549.506
       0.150   13583.307
       0.155   13613.476
       0.160   13641.113
       0.165   13667.007
       0.170   13691.594
       0.175   13714.990
       0.180   13737.070
       0.185   13757.577
       0.190   13776.232
       0.195   13792.817
       0.200   13807.241
       0.205   13819.562
       0.210   13829.979
       0.215   13838.799
       0.220   13846.381
       0.225   13853.074
       0.230   13859.175
       0.235   13864.903
       0.240   13870.396
       0.245   13875.710
       0.250   13880.825
       0.255   13885.653
       0.260   13890.061
       0.265   13893.895
       0.270   13896.994
       0.275   13899.208
       0.280   13900.404
       0.285   13900.485
       0.290   13898.827
       0.295   13896.519
       0.300   13895.268
       0.305   13893.039
       0.310   13890.100
       0.315   13885.716
       0.320   13879.596
       0.325   13876.298
       0.330   13869.910
       0.335   13863.826
       0.340   13856.784
       0.345   13849.090
       0.350   13840.587
       0.355   13831.404
       0.360   13821.528
       0.365   13811.083
       0.370   13799.957
       0.375   13788.145
       0.380   13775.624
       0.385   13762.411
       0.390   13748.492
       0.395   13733.844
       0.400   13718.463
       0.405   13702.399
       0.410   13685.685
       0.415   13668.337
       0.420   13650.333
       0.425   13631.683
       0.430   13612.380
       0.435   13592.479
       0.440   13572.062
       0.445   13551.030
       0.450   13529.490
       0.455   13507.535
       0.460   13485.111
       0.465   13462.314
       0.470   13439.085
       0.475   13415.539
       0.480   13391.702
       0.485   13367.619
       0.490   13343.336
       0.495   13318.883
       0.500   13294.288
       0.505   13270.112
       0.510   13245.034
       0.515   13220.412
       0.520   13195.728
       0.525   13170.793
       0.530   13146.334
       0.535   13121.551
       0.540   13097.086
       0.545   13072.238
       0.550   13047.731
       0.555   13023.196
       0.560   12998.763
       0.565   12974.579
       0.570   12950.378
       0.575   12926.307
       0.580   12902.255
       0.585   12878.463
       0.590   12854.683
       0.595   12831.149
       0.600   12807.587
       0.605   12784.242
       0.610   12760.959
       0.615   12737.894
       0.620   12714.799
       0.625   12691.875
       0.630   12668.951
       0.635   12646.220
       0.640   12625.652
       0.645   12602.446
       0.650   12580.257
       0.655   12557.350
       0.660   12535.120
       0.665   12512.829
       0.670   12490.743
       0.675   12468.387
       0.680   12446.402
       0.685   12424.186
       0.690   12402.211
       0.695   12380.043
       0.700   12358.070
       0.705   12336.105
       0.710   12314.272
       0.715   12292.172
       0.720   12270.346
       0.725   12248.383
       0.730   12226.176
       0.735   12204.146
       0.740   12181.566
       0.745   12159.456
       0.750   12136.989
       0.755   12114.712
       0.760   12092.169
       0.765   12069.569
       0.770   12047.005
       0.775   12023.961
       0.780   12001.038
       0.785   11978.030
       0.790   11954.628
       0.795   11931.157
       0.800   11907.339
       0.805   11883.570
       0.810   11859.464
       0.815   11835.153
       0.820   11810.570
       0.825   11785.986
       0.830   11760.912
       0.835   11735.419
       0.840   11709.728
       0.845   11683.885
       0.850   11657.548
       0.855   11631.161
       0.860   11604.382
       0.865   11576.994
       0.870   11549.695
       0.875   11521.966
       0.880   11493.972
       0.885   11465.321
       0.890   11436.209
       0.895   11407.043
       0.900   11377.619
       0.905   11347.772
       0.910   11317.270
       0.915   11286.720
       0.920   11255.575
       0.925   11224.343
       0.930   11192.314
       0.935   11160.324
       0.940   11127.687
       0.945   11094.328
       0.950   11060.938
       0.955   11027.153
       0.960   10992.982
       0.965   10958.463
       0.970   10923.571
       0.975   10888.124
       0.980   10852.323
       0.985   10815.704
       0.990   10779.057
       0.995   10742.014
       1.000   10704.609
