 
       0.005     937.648
       0.010    1874.265
       0.015    2809.853
       0.020    3744.414
       0.025    4677.950
       0.030    5610.461
       0.035    6541.950
       0.040    7472.417
       0.045    8213.425
       0.050    9036.842
       0.055    9810.916
       0.060   10508.676
       0.065   11109.783
       0.070   11605.132
       0.075   11997.578
       0.080   12299.245
       0.085   12527.726
       0.090   12702.009
       0.095   12839.268
       0.100   12952.970
       0.105   13052.249
       0.110   13142.295
       0.115   13225.301
       0.120   13301.624
       0.125   13370.817
       0.130   13432.415
       0.135   13486.368
       0.140   13533.186
       0.145   13573.853
       0.150   13609.621
       0.155   13641.770
       0.160   13671.400
       0.165   13699.306
       0.170   13725.933
       0.175   13751.404
       0.180   13775.600
       0.185   13798.269
       0.190   13819.129
       0.195   13837.962
       0.200   13854.671
       0.205   13869.308
       0.210   13882.062
       0.215   13893.228
       0.220   13903.156
       0.225   13912.194
       0.230   13920.647
       0.235   13928.750
       0.240   13936.652
       0.245   13944.419
       0.250   13952.034
       0.255   13959.415
       0.260   13966.438
       0.265   13972.959
       0.270   13978.844
       0.275   13983.986
       0.280   13988.323
       0.285   13991.846
       0.290   13994.603
       0.295   13996.694
       0.300   13998.256
       0.305   13999.430
       0.310   14000.333
       0.315   14001.041
       0.320   14001.601
       0.325   14002.033
       0.330   14002.349
       0.335   14002.552
       0.340   14002.635
       0.345   14002.578
       0.350   14002.351
       0.355   14001.914
       0.360   14001.233
       0.365   14000.295
       0.370   13998.586
       0.375   13997.564
       0.380   13995.684
       0.385   13993.949
       0.390   13992.013
       0.395   13989.753
       0.400   13988.708
       0.405   13985.947
       0.410   13982.623
       0.415   13979.475
       0.420   13969.462
       0.425   13973.094
       0.430   13969.966
       0.435   13965.017
       0.440   13962.324
       0.445   13957.806
       0.450   13953.448
       0.455   13948.196
       0.460   13943.985
       0.465   13938.611
       0.470   13933.471
       0.475   13927.926
       0.480   13922.196
       0.485   13916.181
       0.490   13910.141
       0.495   13903.723
       0.500   13897.236
       0.505   13890.494
       0.510   13883.622
       0.515   13876.480
       0.520   13869.202
       0.525   13861.806
       0.530   13854.149
       0.535   13846.251
       0.540   13838.305
       0.545   13830.133
       0.550   13821.860
       0.555   13813.370
       0.560   13804.777
       0.565   13795.973
       0.570   13787.091
       0.575   13777.987
       0.580   13768.837
       0.585   13759.446
       0.590   13750.025
       0.595   13740.528
       0.600   13730.766
       0.605   13721.021
       0.610   13711.040
       0.615   13701.128
       0.620   13690.900
       0.625   13680.760
       0.630   13670.347
       0.635   13660.004
       0.640   13649.456
       0.645   13638.951
       0.650   13628.209
       0.655   13617.551
       0.660   13606.740
       0.665   13595.885
       0.670   13584.908
       0.675   13573.953
       0.680   13562.820
       0.685   13551.711
       0.690   13540.477
       0.695   13529.255
       0.700   13517.882
       0.705   13506.555
       0.710   13495.059
       0.715   13483.592
       0.720   13472.019
       0.725   13460.440
       0.730   13449.568
       0.735   13437.672
       0.740   13425.984
       0.745   13414.093
       0.750   13402.302
       0.755   13390.597
       0.760   13378.328
       0.765   13366.319
       0.770   13353.999
       0.775   13342.162
       0.780   13329.772
       0.785   13317.407
       0.790   13304.991
       0.795   13292.603
       0.800   13280.049
       0.805   13267.562
       0.810   13254.919
       0.815   13242.312
       0.820   13229.506
       0.825   13216.732
       0.830   13203.769
       0.835   13190.807
       0.840   13177.706
       0.845   13164.592
       0.850   13151.384
       0.855   13138.173
       0.860   13124.735
       0.865   13111.440
       0.870   13097.892
       0.875   13084.055
       0.880   13070.682
       0.885   13056.790
       0.890   13043.162
       0.895   13028.975
       0.900   13015.071
       0.905   13000.922
       0.910   12986.729
       0.915   12972.380
       0.920   12958.227
       0.925   12943.585
       0.930   12929.202
       0.935   12914.399
       0.940   12899.816
       0.945   12884.787
       0.950   12869.907
       0.955   12854.789
       0.960   12839.767
       0.965   12824.413
       0.970   12809.154
       0.975   12793.602
       0.980   12778.272
       0.985   12762.359
       0.990   12746.782
       0.995   12730.660
       1.000   12714.807
