 
       0.005     937.648
       0.010    1874.265
       0.015    2809.853
       0.020    3744.414
       0.025    4677.950
       0.030    5610.461
       0.035    6541.950
       0.040    7472.417
       0.045    8213.427
       0.050    9036.848
       0.055    9810.932
       0.060   10508.713
       0.065   11109.861
       0.070   11605.280
       0.075   11997.830
       0.080   12299.631
       0.085   12528.271
       0.090   12702.727
       0.095   12840.167
       0.100   12954.050
       0.105   13053.511
       0.110   13143.740
       0.115   13226.932
       0.120   13303.445
       0.125   13372.833
       0.130   13434.629
       0.135   13488.783
       0.140   13535.802
       0.145   13576.668
       0.150   13612.633
       0.155   13644.975
       0.160   13674.794
       0.165   13702.887
       0.170   13729.698
       0.175   13755.351
       0.180   13779.729
       0.185   13802.578
       0.190   13823.616
       0.195   13842.626
       0.200   13859.508
       0.205   13874.314
       0.210   13887.233
       0.215   13898.558
       0.220   13908.639
       0.225   13917.824
       0.230   13926.419
       0.235   13934.657
       0.240   13942.690
       0.245   13950.584
       0.250   13958.321
       0.255   13965.820
       0.260   13972.954
       0.265   13979.583
       0.270   13985.569
       0.275   13990.807
       0.280   13995.233
       0.285   13998.837
       0.290   14001.666
       0.295   14003.820
       0.300   14005.433
       0.305   14006.646
       0.310   14007.577
       0.315   14008.305
       0.320   14008.875
       0.325   14009.311
       0.330   14009.623
       0.335   14009.812
       0.340   14009.868
       0.345   14009.768
       0.350   14009.475
       0.355   14008.944
       0.360   14008.131
       0.365   14007.017
       0.370   14005.213
       0.375   14002.865
       0.380   14001.370
       0.385   13999.869
       0.390   13997.554
       0.395   13995.660
       0.400   13991.562
       0.405   13981.521
       0.410   13985.499
       0.415   13982.382
       0.420   13977.031
       0.425   13973.837
       0.430   13968.724
       0.435   13963.494
       0.440   13958.719
       0.445   13952.587
       0.450   13946.350
       0.455   13939.867
       0.460   13933.026
       0.465   13925.617
       0.470   13917.917
       0.475   13909.716
       0.480   13901.134
       0.485   13892.070
       0.490   13882.575
       0.495   13872.581
       0.500   13862.063
       0.505   13851.056
       0.510   13839.427
       0.515   13827.360
       0.520   13814.714
       0.525   13801.539
       0.530   13787.767
       0.535   13773.421
       0.540   13758.465
       0.545   13742.907
       0.550   13726.778
       0.555   13709.937
       0.560   13692.532
       0.565   13674.479
       0.570   13655.832
       0.575   13636.627
       0.580   13616.694
       0.585   13596.274
       0.590   13575.204
       0.595   13553.624
       0.600   13531.461
       0.605   13508.836
       0.610   13485.725
       0.615   13462.180
       0.620   13438.199
       0.625   13415.519
       0.630   13389.138
       0.635   13364.211
       0.640   13339.060
       0.645   13313.370
       0.650   13287.823
       0.655   13261.661
       0.660   13235.704
       0.665   13209.199
       0.670   13182.830
       0.675   13156.298
       0.680   13129.906
       0.685   13102.944
       0.690   13076.325
       0.695   13049.453
       0.700   13022.947
       0.705   12996.084
       0.710   12969.393
       0.715   12942.632
       0.720   12915.922
       0.725   12889.232
       0.730   12862.520
       0.735   12835.869
       0.740   12811.694
       0.745   12784.489
       0.750   12758.079
       0.755   12731.028
       0.760   12704.494
       0.765   12677.933
       0.770   12651.441
       0.775   12624.862
       0.780   12598.474
       0.785   12572.112
       0.790   12545.804
       0.795   12519.475
       0.800   12492.833
       0.805   12466.732
       0.810   12440.597
       0.815   12414.304
       0.820   12388.157
       0.825   12361.839
       0.830   12335.789
       0.835   12309.496
       0.840   12283.509
       0.845   12257.397
       0.850   12231.286
       0.855   12205.095
       0.860   12178.961
       0.865   12152.788
       0.870   12126.758
       0.875   12100.440
       0.880   12073.983
       0.885   12047.636
       0.890   12021.291
       0.895   11994.630
       0.900   11967.981
       0.905   11941.351
       0.910   11914.454
       0.915   11887.514
       0.920   11860.391
       0.925   11833.238
       0.930   11805.761
       0.935   11778.239
       0.940   11750.338
       0.945   11722.266
       0.950   11693.819
       0.955   11665.402
       0.960   11636.819
       0.965   11607.903
       0.970   11578.960
       0.975   11549.411
       0.980   11519.469
       0.985   11489.250
       0.990   11458.952
       0.995   11428.526
       1.000   11397.598
