 
       0.005     937.648
       0.010    1874.265
       0.015    2809.853
       0.020    3744.414
       0.025    4677.950
       0.030    5610.461
       0.035    6541.950
       0.040    7472.417
       0.045    8213.432
       0.050    9036.860
       0.055    9810.960
       0.060   10508.782
       0.065   11110.007
       0.070   11605.561
       0.075   11998.310
       0.080   12300.376
       0.085   12529.333
       0.090   12704.142
       0.095   12841.957
       0.100   12956.229
       0.105   13056.088
       0.110   13146.728
       0.115   13230.348
       0.120   13307.309
       0.125   13377.167
       0.130   13439.454
       0.135   13494.119
       0.140   13541.664
       0.145   13583.069
       0.150   13619.582
       0.155   13652.480
       0.160   13682.864
       0.165   13711.531
       0.170   13738.930
       0.175   13765.185
       0.180   13790.182
       0.185   13813.667
       0.190   13835.360
       0.195   13855.041
       0.200   13872.612
       0.205   13888.122
       0.210   13901.755
       0.215   13913.806
       0.220   13924.619
       0.225   13934.545
       0.230   13943.890
       0.235   13952.892
       0.240   13961.705
       0.245   13970.397
       0.250   13978.952
       0.255   13987.288
       0.260   13995.283
       0.265   14002.794
       0.270   14009.687
       0.275   14015.859
       0.280   14021.249
       0.285   14025.846
       0.290   14029.694
       0.295   14032.883
       0.300   14035.531
       0.305   14037.763
       0.310   14039.693
       0.315   14041.406
       0.320   14042.965
       0.325   14044.415
       0.330   14045.785
       0.335   14047.091
       0.340   14048.335
       0.345   14049.503
       0.350   14050.570
       0.355   14051.502
       0.360   14052.270
       0.365   14052.850
       0.370   14053.231
       0.375   14053.421
       0.380   14053.442
       0.385   14053.323
       0.390   14053.094
       0.395   14052.780
       0.400   14052.395
       0.405   14051.945
       0.410   14051.430
       0.415   14050.847
       0.420   14050.190
       0.425   14049.450
       0.430   14048.618
       0.435   14047.683
       0.440   14046.635
       0.445   14045.466
       0.450   14044.174
       0.455   14042.769
       0.460   14041.146
       0.465   14039.317
       0.470   14037.747
       0.475   14035.758
       0.480   14033.647
       0.485   14031.597
       0.490   14030.214
       0.495   14027.026
       0.500   14025.018
       0.505   14022.058
       0.510   14020.386
       0.515   14012.858
       0.520   14014.936
       0.525   14011.951
       0.530   14008.078
       0.535   14004.801
       0.540   14002.310
       0.545   13998.862
       0.550   13995.595
       0.555   13991.900
       0.560   13988.498
       0.565   13983.920
       0.570   13980.008
       0.575   13975.611
       0.580   13972.238
       0.585   13967.306
       0.590   13963.398
       0.595   13958.233
       0.600   13953.724
       0.605   13948.570
       0.610   13943.811
       0.615   13938.494
       0.620   13933.247
       0.625   13927.622
       0.630   13922.003
       0.635   13916.163
       0.640   13910.317
       0.645   13904.100
       0.650   13897.884
       0.655   13891.375
       0.660   13884.805
       0.665   13877.911
       0.670   13870.946
       0.675   13863.671
       0.680   13856.304
       0.685   13848.567
       0.690   13840.731
       0.695   13832.530
       0.700   13824.158
       0.705   13815.445
       0.710   13806.531
       0.715   13797.218
       0.720   13787.694
       0.725   13777.743
       0.730   13767.512
       0.735   13756.850
       0.740   13745.847
       0.745   13734.347
       0.750   13722.461
       0.755   13710.045
       0.760   13697.166
       0.765   13683.737
       0.770   13669.824
       0.775   13655.190
       0.780   13640.016
       0.785   13624.111
       0.790   13607.585
       0.795   13590.218
       0.800   13572.153
       0.805   13553.245
       0.810   13533.523
       0.815   13512.908
       0.820   13491.420
       0.825   13469.766
       0.830   13445.628
       0.835   13421.244
       0.840   13395.452
       0.845   13368.847
       0.850   13341.836
       0.855   13313.204
       0.860   13284.255
       0.865   13253.679
       0.870   13222.883
       0.875   13190.765
       0.880   13158.467
       0.885   13125.038
       0.890   13091.183
       0.895   13056.928
       0.900   13021.950
       0.905   12986.838
       0.910   12951.196
       0.915   12915.336
       0.920   12878.987
       0.925   12842.460
       0.930   12805.625
       0.935   12771.374
       0.940   12733.429
       0.945   12696.318
       0.950   12657.980
       0.955   12620.167
       0.960   12581.297
       0.965   12542.549
       0.970   12503.382
       0.975   12464.034
       0.980   12424.483
       0.985   12384.637
       0.990   12344.613
       0.995   12304.432
       1.000   12263.803
