 
       0.005     937.648
       0.010    1874.265
       0.015    2809.853
       0.020    3744.414
       0.025    4677.950
       0.030    5610.461
       0.035    6541.950
       0.040    7472.417
       0.045    8213.432
       0.050    9036.859
       0.055    9810.957
       0.060   10508.773
       0.065   11109.989
       0.070   11605.528
       0.075   11998.253
       0.080   12300.287
       0.085   12529.206
       0.090   12703.972
       0.095   12841.741
       0.100   12955.965
       0.105   13055.775
       0.110   13146.363
       0.115   13229.930
       0.120   13306.833
       0.125   13376.631
       0.130   13438.855
       0.135   13493.454
       0.140   13540.930
       0.145   13582.264
       0.150   13618.704
       0.155   13651.527
       0.160   13681.835
       0.165   13710.424
       0.170   13737.742
       0.175   13763.914
       0.180   13788.825
       0.185   13812.221
       0.190   13833.821
       0.195   13853.407
       0.200   13870.879
       0.205   13886.286
       0.210   13899.816
       0.215   13911.759
       0.220   13922.464
       0.225   13932.279
       0.230   13941.510
       0.235   13950.396
       0.240   13959.089
       0.245   13967.658
       0.250   13976.085
       0.255   13984.290
       0.260   13992.149
       0.265   13999.519
       0.270   14006.267
       0.275   14012.288
       0.280   14017.522
       0.285   14021.957
       0.290   14025.638
       0.295   14028.657
       0.300   14031.132
       0.305   14033.193
       0.310   14034.952
       0.315   14036.494
       0.320   14037.881
       0.325   14039.152
       0.330   14040.335
       0.335   14041.444
       0.340   14042.480
       0.345   14043.430
       0.350   14044.266
       0.355   14044.956
       0.360   14045.468
       0.365   14045.780
       0.370   14045.882
       0.375   14045.785
       0.380   14045.517
       0.385   14045.109
       0.390   14044.594
       0.395   14043.994
       0.400   14043.318
       0.405   14042.567
       0.410   14041.734
       0.415   14040.804
       0.420   14039.761
       0.425   14038.581
       0.430   14037.239
       0.435   14035.314
       0.440   14033.236
       0.445   14030.697
       0.450   14029.796
       0.455   14026.757
       0.460   14024.648
       0.465   14022.186
       0.470   14020.388
       0.475   14011.493
       0.480   14013.834
       0.485   14010.920
       0.490   14006.735
       0.495   14004.520
       0.500   13999.799
       0.505   13995.709
       0.510   13991.978
       0.515   13988.025
       0.520   13983.138
       0.525   13978.666
       0.530   13973.505
       0.535   13968.347
       0.540   13962.609
       0.545   13956.940
       0.550   13950.848
       0.555   13944.568
       0.560   13937.906
       0.565   13931.026
       0.570   13923.789
       0.575   13916.312
       0.580   13908.442
       0.585   13900.274
       0.590   13891.715
       0.595   13882.717
       0.600   13873.356
       0.605   13863.531
       0.610   13853.316
       0.615   13842.580
       0.620   13831.398
       0.625   13819.677
       0.630   13807.424
       0.635   13794.627
       0.640   13781.209
       0.645   13767.188
       0.650   13752.499
       0.655   13737.112
       0.660   13721.018
       0.665   13704.181
       0.670   13686.648
       0.675   13668.192
       0.680   13648.957
       0.685   13628.822
       0.690   13607.854
       0.695   13585.976
       0.700   13563.169
       0.705   13539.470
       0.710   13514.835
       0.715   13489.275
       0.720   13468.987
       0.725   13435.713
       0.730   13406.966
       0.735   13378.221
       0.740   13347.930
       0.745   13317.302
       0.750   13285.708
       0.755   13253.842
       0.760   13220.797
       0.765   13187.814
       0.770   13153.931
       0.775   13120.032
       0.780   13085.168
       0.785   13050.387
       0.790   13015.380
       0.795   12980.077
       0.800   12944.605
       0.805   12908.917
       0.810   12873.044
       0.815   12837.096
       0.820   12803.961
       0.825   12767.468
       0.830   12730.863
       0.835   12694.408
       0.840   12657.564
       0.845   12620.612
       0.850   12583.778
       0.855   12546.544
       0.860   12509.448
       0.865   12471.899
       0.870   12434.614
       0.875   12396.563
       0.880   12359.217
       0.885   12320.866
       0.890   12283.111
       0.895   12244.901
       0.900   12207.262
       0.905   12168.666
       0.910   12130.445
       0.915   12092.076
       0.920   12053.765
       0.925   12015.304
       0.930   11976.779
       0.935   11938.138
       0.940   11899.587
       0.945   11860.664
       0.950   11822.162
       0.955   11783.550
       0.960   11744.499
       0.965   11705.879
       0.970   11667.144
       0.975   11628.597
       0.980   11589.828
       0.985   11551.023
       0.990   11512.168
       0.995   11473.540
       1.000   11434.768
