 
       0.005     937.648
       0.010    1874.265
       0.015    2809.853
       0.020    3744.414
       0.025    4677.950
       0.030    5610.461
       0.035    6541.950
       0.040    7472.417
       0.045    8213.415
       0.050    9036.820
       0.055    9810.862
       0.060   10508.545
       0.065   11109.505
       0.070   11604.596
       0.075   11996.663
       0.080   12297.827
       0.085   12525.704
       0.090   12699.315
       0.095   12835.860
       0.100   12948.823
       0.105   13047.346
       0.110   13136.612
       0.115   13218.809
       0.120   13294.283
       0.125   13362.587
       0.130   13423.255
       0.135   13476.243
       0.140   13522.068
       0.145   13561.719
       0.150   13596.456
       0.155   13627.559
       0.160   13656.128
       0.165   13682.956
       0.170   13708.481
       0.175   13732.824
       0.180   13755.863
       0.185   13777.342
       0.190   13796.979
       0.195   13814.558
       0.200   13829.983
       0.205   13843.310
       0.210   13854.732
       0.215   13864.551
       0.220   13873.121
       0.225   13880.791
       0.230   13887.860
       0.235   13894.557
       0.240   13901.023
       0.245   13907.321
       0.250   13913.429
       0.255   13919.265
       0.260   13924.698
       0.265   13929.581
       0.270   13933.768
       0.275   13937.138
       0.280   13939.607
       0.285   13941.139
       0.290   13941.774
       0.295   13941.646
       0.300   13940.593
       0.305   13939.134
       0.310   13938.155
       0.315   13936.207
       0.320   13934.232
       0.325   13932.202
       0.330   13928.905
       0.335   13923.827
       0.340   13920.254
       0.345   13915.826
       0.350   13909.378
       0.355   13903.694
       0.360   13896.573
       0.365   13889.013
       0.370   13880.766
       0.375   13871.945
       0.380   13862.414
       0.385   13852.205
       0.390   13841.197
       0.395   13829.403
       0.400   13816.822
       0.405   13803.406
       0.410   13789.123
       0.415   13773.966
       0.420   13757.929
       0.425   13741.021
       0.430   13723.199
       0.435   13704.406
       0.440   13684.644
       0.445   13663.898
       0.450   13642.249
       0.455   13619.506
       0.460   13595.890
       0.465   13571.228
       0.470   13545.741
       0.475   13519.276
       0.480   13491.903
       0.485   13463.677
       0.490   13434.621
       0.495   13404.807
       0.500   13374.290
       0.505   13343.121
       0.510   13315.667
       0.515   13279.223
       0.520   13246.682
       0.525   13213.521
       0.530   13180.085
       0.535   13146.347
       0.540   13112.534
       0.545   13078.141
       0.550   13044.058
       0.555   13009.686
       0.560   12975.510
       0.565   12941.021
       0.570   12906.812
       0.575   12872.538
       0.580   12838.411
       0.585   12804.347
       0.590   12770.459
       0.595   12739.775
       0.600   12705.130
       0.605   12671.564
       0.610   12637.942
       0.615   12604.361
       0.620   12570.973
       0.625   12537.938
       0.630   12505.202
       0.635   12472.568
       0.640   12440.153
       0.645   12407.584
       0.650   12375.205
       0.655   12343.327
       0.660   12311.459
       0.665   12279.626
       0.670   12248.014
       0.675   12216.780
       0.680   12185.575
       0.685   12154.451
       0.690   12123.414
       0.695   12092.632
       0.700   12061.932
       0.705   12031.216
       0.710   12000.836
       0.715   11970.475
       0.720   11940.221
       0.725   11910.011
       0.730   11879.924
       0.735   11849.822
       0.740   11819.851
       0.745   11789.782
       0.750   11759.747
       0.755   11729.707
       0.760   11699.631
       0.765   11669.268
       0.770   11638.850
       0.775   11608.501
       0.780   11578.134
       0.785   11547.606
       0.790   11516.950
       0.795   11485.946
       0.800   11454.545
       0.805   11423.011
       0.810   11391.536
       0.815   11359.758
       0.820   11327.884
       0.825   11295.803
       0.830   11263.178
       0.835   11230.415
       0.840   11197.440
       0.845   11164.004
       0.850   11130.505
       0.855   11096.802
       0.860   11062.558
       0.865   11027.976
       0.870   10993.163
       0.875   10958.080
       0.880   10922.790
       0.885   10886.964
       0.890   10850.914
       0.895   10814.418
       0.900   10777.583
       0.905   10740.498
       0.910   10703.066
       0.915   10665.392
       0.920   10627.374
       0.925   10588.855
       0.930   10550.005
       0.935   10511.124
       0.940   10471.860
       0.945   10432.216
       0.950   10392.582
       0.955   10352.710
       0.960   10312.314
       0.965   10271.758
       0.970   10231.164
       0.975   10190.307
       0.980   10149.382
       0.985   10108.321
       0.990   10067.127
       0.995   10025.872
       1.000    9984.472
