 
       0.005     937.648
       0.010    1874.265
       0.015    2809.853
       0.020    3744.414
       0.025    4677.950
       0.030    5610.461
       0.035    6541.950
       0.040    7472.417
       0.045    8213.368
       0.050    9036.708
       0.055    9810.588
       0.060   10507.885
       0.065   11108.141
       0.070   11601.953
       0.075   11992.183
       0.080   12290.952
       0.085   12516.007
       0.090   12686.547
       0.095   12819.909
       0.100   12929.662
       0.105   13024.975
       0.110   13111.014
       0.115   13189.936
       0.120   13262.062
       0.125   13326.936
       0.130   13384.107
       0.135   13433.556
       0.140   13475.833
       0.145   13511.962
       0.150   13543.222
       0.155   13570.905
       0.160   13596.106
       0.165   13619.605
       0.170   13641.828
       0.175   13662.881
       0.180   13682.633
       0.185   13700.825
       0.190   13717.178
       0.195   13731.481
       0.200   13743.652
       0.205   13753.756
       0.210   13762.007
       0.215   13768.727
       0.220   13774.290
       0.225   13779.050
       0.230   13783.286
       0.235   13787.195
       0.240   13790.894
       0.245   13794.431
       0.250   13797.782
       0.255   13800.856
       0.260   13803.507
       0.265   13805.549
       0.270   13806.753
       0.275   13806.825
       0.280   13804.964
       0.285   13802.964
       0.290   13798.820
       0.295   13795.855
       0.300   13783.988
       0.305   13787.412
       0.310   13782.311
       0.315   13775.904
       0.320   13770.190
       0.325   13763.408
       0.330   13756.697
       0.335   13749.315
       0.340   13741.619
       0.345   13733.552
       0.350   13725.207
       0.355   13716.608
       0.360   13707.840
       0.365   13698.783
       0.370   13689.570
       0.375   13680.133
       0.380   13670.555
       0.385   13660.780
       0.390   13650.859
       0.395   13640.769
       0.400   13630.574
       0.405   13620.276
       0.410   13609.910
       0.415   13599.465
       0.420   13588.970
       0.425   13578.398
       0.430   13567.755
       0.435   13557.079
       0.440   13546.371
       0.445   13535.598
       0.450   13524.879
       0.455   13514.026
       0.460   13503.268
       0.465   13492.397
       0.470   13481.612
       0.475   13470.728
       0.480   13459.926
       0.485   13449.027
       0.490   13438.231
       0.495   13427.304
       0.500   13416.467
       0.505   13405.583
       0.510   13394.731
       0.515   13383.848
       0.520   13373.029
       0.525   13362.095
       0.530   13351.228
       0.535   13340.295
       0.540   13329.393
       0.545   13318.442
       0.550   13307.533
       0.555   13296.564
       0.560   13285.627
       0.565   13274.620
       0.570   13263.617
       0.575   13252.557
       0.580   13241.479
       0.585   13230.356
       0.590   13219.810
       0.595   13208.403
       0.600   13197.485
       0.605   13186.240
       0.610   13174.969
       0.615   13163.761
       0.620   13152.371
       0.625   13141.084
       0.630   13129.482
       0.635   13118.030
       0.640   13106.366
       0.645   13094.778
       0.650   13082.931
       0.655   13071.159
       0.660   13059.329
       0.665   13047.414
       0.670   13035.437
       0.675   13023.485
       0.680   13011.130
       0.685   12999.302
       0.690   12986.785
       0.695   12974.559
       0.700   12962.058
       0.705   12949.619
       0.710   12936.979
       0.715   12924.301
       0.720   12911.464
       0.725   12898.632
       0.730   12885.631
       0.735   12872.749
       0.740   12859.371
       0.745   12846.162
       0.750   12832.724
       0.755   12819.433
       0.760   12805.673
       0.765   12792.211
       0.770   12778.207
       0.775   12764.194
       0.780   12750.478
       0.785   12736.011
       0.790   12722.084
       0.795   12707.315
       0.800   12693.000
       0.805   12678.130
       0.810   12663.479
       0.815   12648.491
       0.820   12633.610
       0.825   12618.224
       0.830   12603.246
       0.835   12587.566
       0.840   12572.076
       0.845   12556.244
       0.850   12540.480
       0.855   12524.364
       0.860   12508.306
       0.865   12491.871
       0.870   12475.559
       0.875   12458.694
       0.880   12441.898
       0.885   12424.854
       0.890   12407.615
       0.895   12390.434
       0.900   12372.800
       0.905   12355.263
       0.910   12337.268
       0.915   12319.356
       0.920   12300.954
       0.925   12282.509
       0.930   12263.776
       0.935   12244.922
       0.940   12225.991
       0.945   12206.616
       0.950   12187.184
       0.955   12167.455
       0.960   12147.635
       0.965   12127.292
       0.970   12106.849
       0.975   12086.135
       0.980   12065.109
       0.985   12043.884
       0.990   12022.393
       0.995   12000.620
       1.000   11978.574
