 
       0.005     937.648
       0.010    1874.265
       0.015    2809.853
       0.020    3744.414
       0.025    4677.950
       0.030    5610.461
       0.035    6541.950
       0.040    7472.417
       0.045    8213.353
       0.050    9036.673
       0.055    9810.501
       0.060   10507.678
       0.065   11107.700
       0.070   11601.099
       0.075   11990.722
       0.080   12288.683
       0.085   12512.772
       0.090   12682.232
       0.095   12814.450
       0.100   12923.019
       0.105   13017.118
       0.110   13101.906
       0.115   13179.529
       0.120   13250.295
       0.125   13313.746
       0.130   13369.429
       0.135   13417.337
       0.140   13458.032
       0.145   13492.548
       0.150   13522.173
       0.155   13548.202
       0.160   13571.732
       0.165   13593.535
       0.170   13614.032
       0.175   13633.321
       0.180   13651.266
       0.185   13667.606
       0.190   13682.058
       0.195   13694.412
       0.200   13704.583
       0.205   13712.638
       0.210   13718.799
       0.215   13723.408
       0.220   13726.878
       0.225   13729.589
       0.230   13731.808
       0.235   13733.682
       0.240   13735.275
       0.245   13736.588
       0.250   13737.539
       0.255   13737.905
       0.260   13736.682
       0.265   13733.747
       0.270   13728.667
       0.275   13721.894
       0.280   13713.981
       0.285   13705.230
       0.290   13695.298
       0.295   13684.289
       0.300   13672.413
       0.305   13659.838
       0.310   13646.491
       0.315   13632.261
       0.320   13617.177
       0.325   13601.365
       0.330   13584.921
       0.335   13567.888
       0.340   13550.326
       0.345   13532.298
       0.350   13513.825
       0.355   13494.862
       0.360   13475.466
       0.365   13455.719
       0.370   13435.719
       0.375   13415.524
       0.380   13395.160
       0.385   13374.641
       0.390   13353.980
       0.395   13333.208
       0.400   13312.371
       0.405   13291.527
       0.410   13270.700
       0.415   13249.915
       0.420   13229.186
       0.425   13208.534
       0.430   13187.967
       0.435   13167.510
       0.440   13147.179
       0.445   13126.981
       0.450   13106.926
       0.455   13087.017
       0.460   13067.243
       0.465   13047.787
       0.470   13028.622
       0.475   13009.592
       0.480   12990.477
       0.485   12971.669
       0.490   12952.773
       0.495   12934.336
       0.500   12915.648
       0.505   12897.394
       0.510   12879.153
       0.515   12861.055
       0.520   12843.082
       0.525   12825.213
       0.530   12807.398
       0.535   12789.686
       0.540   12772.185
       0.545   12754.624
       0.550   12737.225
       0.555   12719.845
       0.560   12702.566
       0.565   12685.307
       0.570   12668.173
       0.575   12650.988
       0.580   12633.917
       0.585   12616.833
       0.590   12599.733
       0.595   12582.706
       0.600   12565.685
       0.605   12548.684
       0.610   12531.634
       0.615   12514.637
       0.620   12497.527
       0.625   12480.478
       0.630   12463.362
       0.635   12446.232
       0.640   12429.046
       0.645   12411.746
       0.650   12394.474
       0.655   12377.083
       0.660   12359.681
       0.665   12342.161
       0.670   12324.604
       0.675   12306.923
       0.680   12289.169
       0.685   12271.263
       0.690   12253.298
       0.695   12235.184
       0.700   12216.971
       0.705   12198.592
       0.710   12180.095
       0.715   12161.444
       0.720   12142.640
       0.725   12123.721
       0.730   12104.574
       0.735   12085.284
       0.740   12065.872
       0.745   12046.169
       0.750   12026.321
       0.755   12006.232
       0.760   11985.965
       0.765   11965.439
       0.770   11944.668
       0.775   11923.699
       0.780   11902.480
       0.785   11880.988
       0.790   11859.208
       0.795   11837.185
       0.800   11814.847
       0.805   11792.221
       0.810   11769.295
       0.815   11746.051
       0.820   11722.484
       0.825   11698.564
       0.830   11674.328
       0.835   11649.716
       0.840   11624.750
       0.845   11599.439
       0.850   11573.796
       0.855   11547.712
       0.860   11521.310
       0.865   11494.454
       0.870   11467.264
       0.875   11439.697
       0.880   11411.760
       0.885   11383.380
       0.890   11357.033
       0.895   11327.563
       0.900   11298.185
       0.905   11268.034
       0.910   11237.825
       0.915   11206.924
       0.920   11175.656
       0.925   11143.629
       0.930   11111.383
       0.935   11079.064
       0.940   11045.792
       0.945   11012.335
       0.950   10978.423
       0.955   10944.190
       0.960   10909.194
       0.965   10874.034
       0.970   10838.009
       0.975   10801.502
       0.980   10764.904
       0.985   10727.747
       0.990   10690.144
       0.995   10652.058
       1.000   10613.578
