 
       0.005     937.648
       0.010    1874.265
       0.015    2809.853
       0.020    3744.414
       0.025    4677.950
       0.030    5610.461
       0.035    6541.950
       0.040    7472.417
       0.045    8213.432
       0.050    9036.860
       0.055    9810.960
       0.060   10508.781
       0.065   11110.004
       0.070   11605.556
       0.075   11998.302
       0.080   12300.363
       0.085   12529.315
       0.090   12704.117
       0.095   12841.925
       0.100   12956.190
       0.105   13056.042
       0.110   13146.675
       0.115   13230.287
       0.120   13307.239
       0.125   13377.088
       0.130   13439.366
       0.135   13494.021
       0.140   13541.555
       0.145   13582.949
       0.150   13619.451
       0.155   13652.337
       0.160   13682.710
       0.165   13711.365
       0.170   13738.751
       0.175   13764.994
       0.180   13789.977
       0.185   13813.449
       0.190   13835.127
       0.195   13854.794
       0.200   13872.349
       0.205   13887.842
       0.210   13901.460
       0.215   13913.493
       0.220   13924.289
       0.225   13934.197
       0.230   13943.524
       0.235   13952.508
       0.240   13961.302
       0.245   13969.973
       0.250   13978.507
       0.255   13986.823
       0.260   13994.795
       0.265   14002.283
       0.270   14009.153
       0.275   14015.300
       0.280   14020.664
       0.285   14025.234
       0.290   14029.055
       0.295   14032.215
       0.300   14034.835
       0.305   14037.039
       0.310   14038.939
       0.315   14040.623
       0.320   14042.154
       0.325   14043.573
       0.330   14044.912
       0.335   14046.184
       0.340   14047.393
       0.345   14048.524
       0.350   14049.551
       0.355   14050.442
       0.360   14051.166
       0.365   14051.700
       0.370   14052.034
       0.375   14052.175
       0.380   14052.146
       0.385   14051.977
       0.390   14051.699
       0.395   14051.336
       0.400   14050.901
       0.405   14050.400
       0.410   14049.832
       0.415   14049.193
       0.420   14048.473
       0.425   14047.665
       0.430   14046.756
       0.435   14045.735
       0.440   14044.588
       0.445   14043.308
       0.450   14041.896
       0.455   14040.012
       0.460   14038.132
       0.465   14035.953
       0.470   14034.019
       0.475   14032.742
       0.480   14030.666
       0.485   14028.416
       0.490   14026.684
       0.495   14023.791
       0.500   14020.833
       0.505   14017.765
       0.510   14014.781
       0.515   14011.949
       0.520   14008.601
       0.525   14005.046
       0.530   14003.689
       0.535   13999.537
       0.540   13996.261
       0.545   13991.867
       0.550   13987.347
       0.555   13983.699
       0.560   13980.110
       0.565   13975.150
       0.570   13971.168
       0.575   13966.141
       0.580   13961.416
       0.585   13956.473
       0.590   13951.256
       0.595   13945.790
       0.600   13940.385
       0.605   13934.563
       0.610   13928.719
       0.615   13922.586
       0.620   13916.324
       0.625   13909.903
       0.630   13903.078
       0.635   13896.202
       0.640   13889.009
       0.645   13881.680
       0.650   13874.019
       0.655   13866.185
       0.660   13857.995
       0.665   13849.623
       0.670   13840.877
       0.675   13831.899
       0.680   13822.545
       0.685   13812.902
       0.690   13802.831
       0.695   13792.471
       0.700   13781.677
       0.705   13770.531
       0.710   13758.956
       0.715   13746.968
       0.720   13734.496
       0.725   13721.569
       0.730   13708.299
       0.735   13694.147
       0.740   13679.748
       0.745   13664.598
       0.750   13649.019
       0.755   13632.760
       0.760   13615.917
       0.765   13598.434
       0.770   13580.319
       0.775   13561.552
       0.780   13542.121
       0.785   13522.008
       0.790   13501.239
       0.795   13480.139
       0.800   13458.292
       0.805   13434.713
       0.810   13411.501
       0.815   13387.064
       0.820   13362.641
       0.825   13337.578
       0.830   13311.477
       0.835   13285.539
       0.840   13258.613
       0.845   13231.119
       0.850   13203.815
       0.855   13175.682
       0.860   13147.403
       0.865   13118.893
       0.870   13090.103
       0.875   13060.922
       0.880   13031.839
       0.885   13002.278
       0.890   12972.651
       0.895   12942.835
       0.900   12915.860
       0.905   12885.429
       0.910   12852.588
       0.915   12825.091
       0.920   12793.921
       0.925   12762.990
       0.930   12732.261
       0.935   12700.752
       0.940   12670.136
       0.945   12638.613
       0.950   12607.191
       0.955   12575.437
       0.960   12543.709
       0.965   12511.352
       0.970   12479.559
       0.975   12446.958
       0.980   12414.722
       0.985   12381.802
       0.990   12349.002
       0.995   12315.981
       1.000   12282.854
