 
       0.005     937.648
       0.010    1874.265
       0.015    2809.853
       0.020    3744.414
       0.025    4677.950
       0.030    5610.461
       0.035    6541.950
       0.040    7472.417
       0.045    8213.424
       0.050    9036.839
       0.055    9810.910
       0.060   10508.660
       0.065   11109.749
       0.070   11605.066
       0.075   11997.465
       0.080   12299.069
       0.085   12527.472
       0.090   12701.667
       0.095   12838.831
       0.100   12952.432
       0.105   13051.606
       0.110   13141.542
       0.115   13224.433
       0.120   13300.631
       0.125   13369.693
       0.130   13431.151
       0.135   13484.956
       0.140   13531.619
       0.145   13572.126
       0.150   13607.729
       0.155   13639.706
       0.160   13669.160
       0.165   13696.885
       0.170   13723.323
       0.175   13748.599
       0.180   13772.593
       0.185   13795.050
       0.190   13815.690
       0.195   13834.295
       0.200   13850.768
       0.205   13865.160
       0.210   13877.663
       0.215   13888.571
       0.220   13898.236
       0.225   13907.005
       0.230   13915.184
       0.235   13923.004
       0.240   13930.615
       0.245   13938.081
       0.250   13945.385
       0.255   13952.445
       0.260   13959.134
       0.265   13965.309
       0.270   13970.834
       0.275   13975.601
       0.280   13979.545
       0.285   13982.654
       0.290   13984.978
       0.295   13986.622
       0.300   13987.732
       0.305   13988.462
       0.310   13988.931
       0.315   13989.213
       0.320   13989.343
       0.325   13989.329
       0.330   13989.167
       0.335   13988.843
       0.340   13988.330
       0.345   13987.580
       0.350   13986.528
       0.355   13984.638
       0.360   13982.491
       0.365   13980.986
       0.370   13978.962
       0.375   13974.736
       0.380   13972.874
       0.385   13964.849
       0.390   13965.932
       0.395   13962.498
       0.400   13958.376
       0.405   13953.910
       0.410   13948.813
       0.415   13944.336
       0.420   13938.436
       0.425   13932.658
       0.430   13926.281
       0.435   13919.625
       0.440   13912.534
       0.445   13905.145
       0.450   13897.330
       0.455   13889.182
       0.460   13880.586
       0.465   13871.636
       0.470   13862.289
       0.475   13852.549
       0.480   13842.409
       0.485   13831.836
       0.490   13820.851
       0.495   13809.402
       0.500   13797.594
       0.505   13785.338
       0.510   13772.733
       0.515   13759.690
       0.520   13746.282
       0.525   13732.452
       0.530   13718.266
       0.535   13703.677
       0.540   13688.798
       0.545   13673.392
       0.550   13657.789
       0.555   13641.721
       0.560   13625.477
       0.565   13608.848
       0.570   13591.951
       0.575   13574.789
       0.580   13557.352
       0.585   13539.693
       0.590   13521.822
       0.595   13503.749
       0.600   13485.517
       0.605   13467.122
       0.610   13448.587
       0.615   13429.890
       0.620   13411.099
       0.625   13392.490
       0.630   13373.530
       0.635   13354.352
       0.640   13335.531
       0.645   13316.321
       0.650   13297.152
       0.655   13278.112
       0.660   13258.847
       0.665   13239.679
       0.670   13220.527
       0.675   13201.144
       0.680   13181.826
       0.685   13162.483
       0.690   13143.246
       0.695   13123.731
       0.700   13104.718
       0.705   13085.193
       0.710   13065.981
       0.715   13046.520
       0.720   13027.298
       0.725   13007.961
       0.730   12988.776
       0.735   12969.438
       0.740   12950.215
       0.745   12930.945
       0.750   12911.680
       0.755   12892.403
       0.760   12873.126
       0.765   12853.869
       0.770   12834.571
       0.775   12815.235
       0.780   12796.050
       0.785   12776.667
       0.790   12757.380
       0.795   12738.059
       0.800   12718.744
       0.805   12699.383
       0.810   12680.047
       0.815   12660.618
       0.820   12641.197
       0.825   12621.702
       0.830   12604.244
       0.835   12584.194
       0.840   12564.621
       0.845   12544.867
       0.850   12525.126
       0.855   12505.349
       0.860   12485.412
       0.865   12465.687
       0.870   12445.581
       0.875   12425.723
       0.880   12405.401
       0.885   12385.195
       0.890   12364.949
       0.895   12344.275
       0.900   12324.113
       0.905   12303.216
       0.910   12282.496
       0.915   12261.072
       0.920   12240.406
       0.925   12218.825
       0.930   12197.775
       0.935   12175.996
       0.940   12154.718
       0.945   12132.359
       0.950   12110.276
       0.955   12087.961
       0.960   12065.599
       0.965   12042.868
       0.970   12019.893
       0.975   11996.776
       0.980   11973.484
       0.985   11949.943
       0.990   11926.064
       0.995   11902.172
       1.000   11877.666
