 
       0.005     937.648
       0.010    1874.265
       0.015    2809.853
       0.020    3744.414
       0.025    4677.950
       0.030    5610.461
       0.035    6541.950
       0.040    7472.417
       0.045    8213.407
       0.050    9036.800
       0.055    9810.814
       0.060   10508.428
       0.065   11109.276
       0.070   11604.141
       0.075   11995.896
       0.080   12296.658
       0.085   12524.066
       0.090   12697.176
       0.095   12833.210
       0.100   12945.668
       0.105   13043.695
       0.110   13132.474
       0.115   13214.188
       0.120   13289.178
       0.125   13356.999
       0.130   13417.187
       0.135   13469.703
       0.140   13515.069
       0.145   13554.281
       0.150   13588.601
       0.155   13619.312
       0.160   13647.513
       0.165   13673.994
       0.170   13699.195
       0.175   13723.233
       0.180   13745.986
       0.185   13767.198
       0.190   13786.590
       0.195   13803.946
       0.200   13819.174
       0.205   13832.330
       0.210   13843.611
       0.215   13853.320
       0.220   13861.810
       0.225   13869.430
       0.230   13876.479
       0.235   13883.183
       0.240   13889.687
       0.245   13896.051
       0.250   13902.257
       0.255   13908.221
       0.260   13913.818
       0.265   13918.903
       0.270   13923.334
       0.275   13927.000
       0.280   13929.830
       0.285   13931.808
       0.290   13932.987
       0.295   13933.503
       0.300   13933.543
       0.305   13933.284
       0.310   13932.840
       0.315   13932.252
       0.320   13931.509
       0.325   13930.573
       0.330   13928.610
       0.335   13927.375
       0.340   13925.356
       0.345   13923.226
       0.350   13919.349
       0.355   13917.387
       0.360   13913.927
       0.365   13910.843
       0.370   13907.094
       0.375   13902.555
       0.380   13898.714
       0.385   13895.805
       0.390   13890.168
       0.395   13885.923
       0.400   13880.306
       0.405   13875.618
       0.410   13870.047
       0.415   13864.162
       0.420   13858.228
       0.425   13852.116
       0.430   13845.776
       0.435   13839.333
       0.440   13832.638
       0.445   13825.849
       0.450   13818.828
       0.455   13811.749
       0.460   13804.475
       0.465   13797.141
       0.470   13789.705
       0.475   13782.011
       0.480   13774.260
       0.485   13766.342
       0.490   13758.361
       0.495   13750.235
       0.500   13742.069
       0.505   13733.764
       0.510   13725.396
       0.515   13716.939
       0.520   13708.414
       0.525   13699.806
       0.530   13691.129
       0.535   13682.381
       0.540   13673.547
       0.545   13664.651
       0.550   13655.735
       0.555   13646.666
       0.560   13637.616
       0.565   13628.426
       0.570   13619.250
       0.575   13609.988
       0.580   13600.705
       0.585   13591.347
       0.590   13581.915
       0.595   13572.482
       0.600   13562.934
       0.605   13553.399
       0.610   13543.734
       0.615   13534.107
       0.620   13524.341
       0.625   13514.657
       0.630   13504.757
       0.635   13494.985
       0.640   13484.975
       0.645   13475.067
       0.650   13464.983
       0.655   13454.944
       0.660   13444.750
       0.665   13434.583
       0.670   13424.261
       0.675   13413.988
       0.680   13403.578
       0.685   13394.478
       0.690   13383.439
       0.695   13372.827
       0.700   13362.047
       0.705   13351.523
       0.710   13340.699
       0.715   13329.925
       0.720   13318.997
       0.725   13308.187
       0.730   13297.117
       0.735   13285.967
       0.740   13274.909
       0.745   13263.568
       0.750   13252.537
       0.755   13240.826
       0.760   13229.456
       0.765   13217.783
       0.770   13206.039
       0.775   13194.630
       0.780   13182.614
       0.785   13170.984
       0.790   13158.702
       0.795   13146.822
       0.800   13134.488
       0.805   13122.447
       0.810   13109.875
       0.815   13097.710
       0.820   13084.840
       0.825   13072.585
       0.830   13059.566
       0.835   13047.040
       0.840   13033.958
       0.845   13021.188
       0.850   13007.750
       0.855   12994.604
       0.860   12981.410
       0.865   12968.099
       0.870   12954.121
       0.875   12940.908
       0.880   12926.909
       0.885   12913.146
       0.890   12899.082
       0.895   12885.189
       0.900   12870.794
       0.905   12856.573
       0.910   12842.056
       0.915   12827.586
       0.920   12812.907
       0.925   12798.215
       0.930   12783.237
       0.935   12768.255
       0.940   12753.081
       0.945   12737.553
       0.950   12722.532
       0.955   12706.673
       0.960   12691.344
       0.965   12675.214
       0.970   12659.587
       0.975   12643.209
       0.980   12627.308
       0.985   12610.600
       0.990   12594.209
       0.995   12577.342
       1.000   12560.716
