 
       0.005     937.648
       0.010    1874.265
       0.015    2809.853
       0.020    3744.414
       0.025    4677.950
       0.030    5610.461
       0.035    6541.950
       0.040    7472.417
       0.045    8213.399
       0.050    9036.782
       0.055    9810.769
       0.060   10508.322
       0.065   11109.058
       0.070   11603.708
       0.075   11995.159
       0.080   12295.523
       0.085   12522.459
       0.090   12695.050
       0.095   12830.541
       0.100   12942.446
       0.105   13039.915
       0.110   13128.126
       0.115   13209.257
       0.120   13283.647
       0.125   13350.846
       0.130   13410.393
       0.135   13462.253
       0.140   13506.954
       0.145   13545.497
       0.150   13579.149
       0.155   13609.192
       0.160   13636.728
       0.165   13662.543
       0.170   13687.074
       0.175   13710.435
       0.180   13732.503
       0.185   13753.022
       0.190   13771.711
       0.195   13788.357
       0.200   13802.869
       0.205   13815.305
       0.210   13825.867
       0.215   13834.859
       0.220   13842.641
       0.225   13849.560
       0.230   13855.912
       0.235   13861.918
       0.240   13867.719
       0.245   13873.372
       0.250   13878.859
       0.255   13884.095
       0.260   13888.950
       0.265   13893.278
       0.270   13896.931
       0.275   13899.786
       0.280   13901.753
       0.285   13902.800
       0.290   13902.982
       0.295   13902.128
       0.300   13900.874
       0.305   13899.706
       0.310   13898.034
       0.315   13896.440
       0.320   13894.625
       0.325   13892.481
       0.330   13889.816
       0.335   13885.395
       0.340   13882.585
       0.345   13875.952
       0.350   13874.926
       0.355   13870.283
       0.360   13864.325
       0.365   13858.680
       0.370   13853.416
       0.375   13847.699
       0.380   13841.495
       0.385   13835.172
       0.390   13828.551
       0.395   13821.605
       0.400   13814.410
       0.405   13807.070
       0.410   13799.424
       0.415   13791.649
       0.420   13783.599
       0.425   13775.405
       0.430   13766.988
       0.435   13758.462
       0.440   13749.837
       0.445   13741.011
       0.450   13732.067
       0.455   13722.966
       0.460   13713.732
       0.465   13704.387
       0.470   13694.923
       0.475   13685.350
       0.480   13675.718
       0.485   13665.948
       0.490   13656.163
       0.495   13646.250
       0.500   13636.333
       0.505   13626.300
       0.510   13616.263
       0.515   13606.096
       0.520   13595.976
       0.525   13585.672
       0.530   13575.429
       0.535   13565.053
       0.540   13554.709
       0.545   13544.261
       0.550   13533.874
       0.555   13523.356
       0.560   13512.852
       0.565   13502.287
       0.570   13491.727
       0.575   13481.061
       0.580   13470.434
       0.585   13459.670
       0.590   13449.019
       0.595   13438.165
       0.600   13427.433
       0.605   13416.537
       0.610   13405.693
       0.615   13394.753
       0.620   13383.833
       0.625   13372.814
       0.630   13361.819
       0.635   13350.714
       0.640   13340.769
       0.645   13329.046
       0.650   13317.692
       0.655   13306.646
       0.660   13295.485
       0.665   13283.961
       0.670   13272.808
       0.675   13261.250
       0.680   13249.850
       0.685   13238.058
       0.690   13226.392
       0.695   13214.792
       0.700   13203.197
       0.705   13191.016
       0.710   13179.426
       0.715   13167.269
       0.720   13155.295
       0.725   13143.139
       0.730   13130.996
       0.735   13118.712
       0.740   13106.471
       0.745   13093.956
       0.750   13081.606
       0.755   13068.943
       0.760   13056.421
       0.765   13043.580
       0.770   13030.873
       0.775   13017.839
       0.780   13004.877
       0.785   12991.855
       0.790   12978.677
       0.795   12965.399
       0.800   12952.057
       0.805   12938.549
       0.810   12924.756
       0.815   12911.453
       0.820   12897.443
       0.825   12883.605
       0.830   12869.542
       0.835   12855.682
       0.840   12841.185
       0.845   12827.117
       0.850   12812.575
       0.855   12798.195
       0.860   12783.404
       0.865   12768.804
       0.870   12753.754
       0.875   12738.937
       0.880   12723.603
       0.885   12708.631
       0.890   12692.952
       0.895   12677.730
       0.900   12661.823
       0.905   12646.334
       0.910   12630.156
       0.915   12614.240
       0.920   12597.897
       0.925   12581.430
       0.930   12565.018
       0.935   12548.302
       0.940   12531.549
       0.945   12514.500
       0.950   12497.453
       0.955   12480.077
       0.960   12462.759
       0.965   12445.040
       0.970   12427.393
       0.975   12409.334
       0.980   12391.269
       0.985   12372.826
       0.990   12354.398
       0.995   12335.734
       1.000   12316.894
