 
       0.005     937.648
       0.010    1874.265
       0.015    2809.853
       0.020    3744.414
       0.025    4677.950
       0.030    5610.461
       0.035    6541.950
       0.040    7472.417
       0.045    8213.432
       0.050    9036.860
       0.055    9810.960
       0.060   10508.782
       0.065   11110.007
       0.070   11605.560
       0.075   11998.309
       0.080   12300.375
       0.085   12529.331
       0.090   12704.140
       0.095   12841.954
       0.100   12956.225
       0.105   13056.085
       0.110   13146.724
       0.115   13230.343
       0.120   13307.303
       0.125   13377.160
       0.130   13439.447
       0.135   13494.112
       0.140   13541.656
       0.145   13583.060
       0.150   13619.572
       0.155   13652.469
       0.160   13682.852
       0.165   13711.519
       0.170   13738.917
       0.175   13765.171
       0.180   13790.167
       0.185   13813.652
       0.190   13835.344
       0.195   13855.024
       0.200   13872.594
       0.205   13888.103
       0.210   13901.736
       0.215   13913.785
       0.220   13924.598
       0.225   13934.523
       0.230   13943.867
       0.235   13952.868
       0.240   13961.681
       0.245   13970.372
       0.250   13978.925
       0.255   13987.261
       0.260   13995.255
       0.265   14002.765
       0.270   14009.658
       0.275   14015.829
       0.280   14021.218
       0.285   14025.814
       0.290   14029.662
       0.295   14032.850
       0.300   14035.497
       0.305   14037.729
       0.310   14039.658
       0.315   14041.371
       0.320   14042.930
       0.325   14044.380
       0.330   14045.749
       0.335   14047.055
       0.340   14048.299
       0.345   14049.467
       0.350   14050.533
       0.355   14051.466
       0.360   14052.233
       0.365   14052.813
       0.370   14053.195
       0.375   14053.385
       0.380   14053.406
       0.385   14053.288
       0.390   14053.061
       0.395   14052.748
       0.400   14052.364
       0.405   14051.915
       0.410   14051.402
       0.415   14050.820
       0.420   14050.164
       0.425   14049.426
       0.430   14048.597
       0.435   14047.666
       0.440   14046.621
       0.445   14045.457
       0.450   14044.171
       0.455   14042.772
       0.460   14041.017
       0.465   14039.318
       0.470   14037.871
       0.475   14035.713
       0.480   14033.882
       0.485   14031.689
       0.490   14030.284
       0.495   14027.151
       0.500   14025.300
       0.505   14023.669
       0.510   14020.021
       0.515   14014.441
       0.520   14014.200
       0.525   14011.361
       0.530   14008.485
       0.535   14006.034
       0.540   14002.885
       0.545   13999.314
       0.550   13996.380
       0.555   13992.246
       0.560   13989.029
       0.565   13984.837
       0.570   13980.987
       0.575   13976.836
       0.580   13973.161
       0.585   13968.265
       0.590   13964.143
       0.595   13959.526
       0.600   13955.371
       0.605   13950.290
       0.610   13945.603
       0.615   13940.433
       0.620   13935.503
       0.625   13930.243
       0.630   13924.868
       0.635   13919.594
       0.640   13913.747
       0.645   13908.105
       0.650   13902.170
       0.655   13896.252
       0.660   13890.086
       0.665   13883.920
       0.670   13877.461
       0.675   13871.003
       0.680   13864.278
       0.685   13857.549
       0.690   13850.531
       0.695   13843.497
       0.700   13836.176
       0.705   13828.843
       0.710   13821.196
       0.715   13813.522
       0.720   13805.591
       0.725   13797.594
       0.730   13789.350
       0.735   13781.032
       0.740   13772.407
       0.745   13763.724
       0.750   13754.738
       0.755   13745.681
       0.760   13736.323
       0.765   13726.864
       0.770   13717.133
       0.775   13707.278
       0.780   13697.162
       0.785   13686.910
       0.790   13676.457
       0.795   13665.741
       0.800   13654.879
       0.805   13643.674
       0.810   13632.395
       0.815   13620.785
       0.820   13609.103
       0.825   13597.044
       0.830   13584.921
       0.835   13572.499
       0.840   13559.942
       0.845   13547.110
       0.850   13534.167
       0.855   13520.938
       0.860   13507.616
       0.865   13493.980
       0.870   13480.570
       0.875   13466.817
       0.880   13452.385
       0.885   13438.587
       0.890   13423.787
       0.895   13409.469
       0.900   13394.430
       0.905   13379.797
       0.910   13364.520
       0.915   13349.437
       0.920   13333.896
       0.925   13318.606
       0.930   13302.815
       0.935   13287.234
       0.940   13271.161
       0.945   13255.411
       0.950   13239.134
       0.955   13222.661
       0.960   13206.863
       0.965   13190.115
       0.970   13173.741
       0.975   13157.088
       0.980   13140.680
       0.985   13123.440
       0.990   13106.446
       0.995   13089.604
       1.000   13072.281
