 
       0.005     937.648
       0.010    1874.265
       0.015    2809.853
       0.020    3744.414
       0.025    4677.950
       0.030    5610.461
       0.035    6541.950
       0.040    7472.417
       0.045    8213.408
       0.050    9036.803
       0.055    9810.820
       0.060   10508.442
       0.065   11109.300
       0.070   11604.188
       0.075   11995.969
       0.080   12296.759
       0.085   12524.192
       0.090   12697.317
       0.095   12833.354
       0.100   12945.800
       0.105   13043.802
       0.110   13132.540
       0.115   13214.196
       0.120   13289.114
       0.125   13356.844
       0.130   13416.922
       0.135   13469.308
       0.140   13514.524
       0.145   13553.565
       0.150   13587.694
       0.155   13618.194
       0.160   13646.163
       0.165   13672.392
       0.170   13697.319
       0.175   13721.061
       0.180   13743.494
       0.185   13764.362
       0.190   13783.384
       0.195   13800.344
       0.200   13815.150
       0.205   13827.858
       0.210   13838.665
       0.215   13847.877
       0.220   13855.850
       0.225   13862.934
       0.230   13869.426
       0.235   13875.549
       0.240   13881.443
       0.245   13887.166
       0.250   13892.699
       0.255   13897.956
       0.260   13902.807
       0.265   13907.100
       0.270   13910.685
       0.275   13913.429
       0.280   13915.230
       0.285   13916.032
       0.290   13915.869
       0.295   13914.334
       0.300   13913.114
       0.305   13910.193
       0.310   13909.247
       0.315   13907.085
       0.320   13903.116
       0.325   13900.435
       0.330   13895.788
       0.335   13870.714
       0.340   13884.303
       0.345   13879.017
       0.350   13872.705
       0.355   13865.349
       0.360   13857.526
       0.365   13849.079
       0.370   13840.175
       0.375   13830.685
       0.380   13820.642
       0.385   13809.953
       0.390   13798.683
       0.395   13786.814
       0.400   13774.342
       0.405   13761.251
       0.410   13747.553
       0.415   13733.303
       0.420   13718.495
       0.425   13703.154
       0.430   13687.250
       0.435   13670.784
       0.440   13653.879
       0.445   13636.278
       0.450   13618.253
       0.455   13599.843
       0.460   13580.905
       0.465   13561.651
       0.470   13541.969
       0.475   13521.967
       0.480   13501.569
       0.485   13480.882
       0.490   13459.937
       0.495   13438.755
       0.500   13417.379
       0.505   13395.856
       0.510   13374.181
       0.515   13352.360
       0.520   13330.446
       0.525   13308.442
       0.530   13286.484
       0.535   13264.535
       0.540   13242.517
       0.545   13220.789
       0.550   13198.652
       0.555   13177.065
       0.560   13154.715
       0.565   13133.182
       0.570   13111.070
       0.575   13089.412
       0.580   13067.741
       0.585   13046.090
       0.590   13024.402
       0.595   13002.676
       0.600   12981.281
       0.605   12959.841
       0.610   12938.574
       0.615   12917.324
       0.620   12896.236
       0.625   12875.093
       0.630   12854.086
       0.635   12833.122
       0.640   12812.236
       0.645   12791.451
       0.650   12773.013
       0.655   12751.738
       0.660   12731.238
       0.665   12710.585
       0.670   12690.056
       0.675   12669.388
       0.680   12648.887
       0.685   12628.308
       0.690   12607.873
       0.695   12587.463
       0.700   12567.078
       0.705   12546.783
       0.710   12526.307
       0.715   12506.014
       0.720   12485.347
       0.725   12465.298
       0.730   12444.905
       0.735   12424.656
       0.740   12404.049
       0.745   12383.726
       0.750   12363.224
       0.755   12342.618
       0.760   12322.089
       0.765   12301.296
       0.770   12280.766
       0.775   12259.804
       0.780   12239.068
       0.785   12217.922
       0.790   12196.667
       0.795   12175.260
       0.800   12153.890
       0.805   12132.378
       0.810   12110.730
       0.815   12088.857
       0.820   12066.958
       0.825   12044.676
       0.830   12022.332
       0.835   11999.834
       0.840   11977.451
       0.845   11954.111
       0.850   11931.415
       0.855   11907.487
       0.860   11883.899
       0.865   11859.993
       0.870   11835.989
       0.875   11811.499
       0.880   11786.636
       0.885   11761.558
       0.890   11736.155
       0.895   11710.357
       0.900   11684.486
       0.905   11658.179
       0.910   11631.650
       0.915   11604.365
       0.920   11575.493
       0.925   11549.680
       0.930   11521.746
       0.935   11493.221
       0.940   11464.803
       0.945   11435.416
       0.950   11406.156
       0.955   11376.480
       0.960   11346.263
       0.965   11315.577
       0.970   11284.772
       0.975   11253.342
       0.980   11221.772
       0.985   11189.712
       0.990   11156.974
       0.995   11124.020
       1.000   11090.692
