 
       0.005     937.648
       0.010    1874.265
       0.015    2809.853
       0.020    3744.414
       0.025    4677.950
       0.030    5610.461
       0.035    6541.950
       0.040    7472.417
       0.045    8213.415
       0.050    9036.818
       0.055    9810.859
       0.060   10508.538
       0.065   11109.492
       0.070   11604.574
       0.075   11996.632
       0.080   12297.792
       0.085   12525.673
       0.090   12699.301
       0.095   12835.879
       0.100   12948.890
       0.105   13047.477
       0.110   13136.824
       0.115   13219.119
       0.120   13294.711
       0.125   13363.153
       0.130   13423.983
       0.135   13477.154
       0.140   13523.185
       0.145   13563.066
       0.150   13598.056
       0.155   13629.434
       0.160   13658.301
       0.165   13685.450
       0.170   13711.321
       0.175   13736.036
       0.180   13759.474
       0.185   13781.380
       0.190   13801.475
       0.195   13819.541
       0.200   13835.485
       0.205   13849.360
       0.210   13861.360
       0.215   13871.784
       0.220   13880.984
       0.225   13889.307
       0.230   13897.056
       0.235   13904.460
       0.240   13911.668
       0.245   13918.743
       0.250   13925.668
       0.255   13932.360
       0.260   13938.693
       0.265   13944.525
       0.270   13949.719
       0.275   13954.167
       0.280   13957.806
       0.285   13960.626
       0.290   13962.680
       0.295   13964.078
       0.300   13964.976
       0.305   13965.529
       0.310   13965.852
       0.315   13966.014
       0.320   13966.042
       0.325   13965.942
       0.330   13965.709
       0.335   13965.330
       0.340   13964.785
       0.345   13964.041
       0.350   13963.054
       0.355   13961.396
       0.360   13959.740
       0.365   13957.534
       0.370   13956.061
       0.375   13953.284
       0.380   13951.820
       0.385   13949.528
       0.390   13946.356
       0.395   13942.087
       0.400   13940.197
       0.405   13936.606
       0.410   13932.875
       0.415   13930.545
       0.420   13925.834
       0.425   13922.227
       0.430   13917.712
       0.435   13913.272
       0.440   13908.700
       0.445   13904.076
       0.450   13898.952
       0.455   13894.084
       0.460   13888.707
       0.465   13883.494
       0.470   13877.832
       0.475   13872.194
       0.480   13866.282
       0.485   13860.525
       0.490   13854.315
       0.495   13848.159
       0.500   13841.835
       0.505   13835.430
       0.510   13829.013
       0.515   13822.209
       0.520   13815.545
       0.525   13808.606
       0.530   13801.743
       0.535   13794.641
       0.540   13787.604
       0.545   13780.306
       0.550   13773.108
       0.555   13765.627
       0.560   13758.247
       0.565   13750.615
       0.570   13743.053
       0.575   13735.265
       0.580   13727.543
       0.585   13719.615
       0.590   13711.758
       0.595   13703.714
       0.600   13695.716
       0.605   13687.558
       0.610   13679.423
       0.615   13671.106
       0.620   13662.829
       0.625   13654.472
       0.630   13645.957
       0.635   13637.491
       0.640   13628.816
       0.645   13620.243
       0.650   13611.427
       0.655   13602.724
       0.660   13593.797
       0.665   13584.958
       0.670   13575.926
       0.675   13566.938
       0.680   13557.767
       0.685   13548.657
       0.690   13539.333
       0.695   13530.074
       0.700   13520.632
       0.705   13511.245
       0.710   13501.675
       0.715   13492.163
       0.720   13482.451
       0.725   13472.789
       0.730   13462.954
       0.735   13453.121
       0.740   13443.372
       0.745   13433.313
       0.750   13423.378
       0.755   13413.088
       0.760   13402.969
       0.765   13392.492
       0.770   13382.516
       0.775   13372.254
       0.780   13361.697
       0.785   13351.032
       0.790   13340.250
       0.795   13329.456
       0.800   13318.613
       0.805   13307.882
       0.810   13296.711
       0.815   13285.732
       0.820   13274.161
       0.825   13262.944
       0.830   13251.538
       0.835   13240.409
       0.840   13228.446
       0.845   13216.960
       0.850   13204.910
       0.855   13193.346
       0.860   13181.135
       0.865   13169.150
       0.870   13156.886
       0.875   13145.013
       0.880   13132.378
       0.885   13120.002
       0.890   13107.292
       0.895   13094.782
       0.900   13081.977
       0.905   13069.546
       0.910   13056.187
       0.915   13043.510
       0.920   13029.804
       0.925   13016.903
       0.930   13003.209
       0.935   12989.934
       0.940   12976.203
       0.945   12962.635
       0.950   12948.687
       0.955   12934.902
       0.960   12920.714
       0.965   12906.662
       0.970   12892.320
       0.975   12878.094
       0.980   12863.429
       0.985   12848.950
       0.990   12834.176
       0.995   12819.036
       1.000   12804.471
