 
       0.005     937.648
       0.010    1874.265
       0.015    2809.853
       0.020    3744.414
       0.025    4677.950
       0.030    5610.461
       0.035    6541.950
       0.040    7472.417
       0.045    8213.432
       0.050    9036.859
       0.055    9810.958
       0.060   10508.776
       0.065   11109.995
       0.070   11605.539
       0.075   11998.272
       0.080   12300.317
       0.085   12529.249
       0.090   12704.030
       0.095   12841.814
       0.100   12956.054
       0.105   13055.881
       0.110   13146.487
       0.115   13230.072
       0.120   13306.995
       0.125   13376.813
       0.130   13439.059
       0.135   13493.680
       0.140   13541.179
       0.145   13582.537
       0.150   13619.003
       0.155   13651.851
       0.160   13682.185
       0.165   13710.801
       0.170   13738.146
       0.175   13764.347
       0.180   13789.286
       0.185   13812.713
       0.190   13834.345
       0.195   13853.963
       0.200   13871.469
       0.205   13886.911
       0.210   13900.477
       0.215   13912.457
       0.220   13923.199
       0.225   13933.052
       0.230   13942.322
       0.235   13951.248
       0.240   13959.983
       0.245   13968.593
       0.250   13977.064
       0.255   13985.315
       0.260   13993.220
       0.265   14000.639
       0.270   14007.437
       0.275   14013.511
       0.280   14018.798
       0.285   14023.289
       0.290   14027.028
       0.295   14030.106
       0.300   14032.641
       0.305   14034.762
       0.310   14036.579
       0.315   14038.181
       0.320   14039.627
       0.325   14040.960
       0.330   14042.208
       0.335   14043.386
       0.340   14044.495
       0.345   14045.521
       0.350   14046.437
       0.355   14047.213
       0.360   14047.816
       0.365   14048.222
       0.370   14048.424
       0.375   14048.429
       0.380   14048.264
       0.385   14047.959
       0.390   14047.547
       0.395   14047.050
       0.400   14046.480
       0.405   14045.840
       0.410   14045.126
       0.415   14044.328
       0.420   14043.435
       0.425   14042.431
       0.430   14041.299
       0.435   14040.019
       0.440   14038.501
       0.445   14036.919
       0.450   14034.730
       0.455   14032.123
       0.460   14031.045
       0.465   14028.966
       0.470   14025.859
       0.475   14024.259
       0.480   14021.679
       0.485   14012.828
       0.490   14015.900
       0.495   14012.483
       0.500   14010.205
       0.505   14006.080
       0.510   14003.374
       0.515   13999.363
       0.520   13995.144
       0.525   13991.693
       0.530   13987.046
       0.535   13983.001
       0.540   13978.109
       0.545   13973.586
       0.550   13968.408
       0.555   13963.440
       0.560   13957.956
       0.565   13952.466
       0.570   13946.549
       0.575   13940.546
       0.580   13934.263
       0.585   13927.817
       0.590   13921.064
       0.595   13914.130
       0.600   13906.859
       0.605   13899.364
       0.610   13891.563
       0.615   13883.450
       0.620   13875.073
       0.625   13866.353
       0.630   13857.345
       0.635   13847.961
       0.640   13838.297
       0.645   13828.197
       0.650   13817.800
       0.655   13806.944
       0.660   13795.746
       0.665   13784.062
       0.670   13772.002
       0.675   13759.440
       0.680   13746.456
       0.685   13733.002
       0.690   13719.065
       0.695   13704.717
       0.700   13689.705
       0.705   13674.320
       0.710   13658.236
       0.715   13641.784
       0.720   13624.610
       0.725   13607.063
       0.730   13588.844
       0.735   13570.146
       0.740   13550.916
       0.745   13531.141
       0.750   13510.858
       0.755   13490.071
       0.760   13469.728
       0.765   13447.103
       0.770   13424.987
       0.775   13402.121
       0.780   13379.252
       0.785   13355.901
       0.790   13332.519
       0.795   13307.880
       0.800   13283.838
       0.805   13259.180
       0.810   13234.422
       0.815   13208.859
       0.820   13183.809
       0.825   13158.195
       0.830   13132.477
       0.835   13106.692
       0.840   13080.881
       0.845   13054.763
       0.850   13028.628
       0.855   13002.377
       0.860   12975.939
       0.865   12949.625
       0.870   12923.022
       0.875   12896.452
       0.880   12869.744
       0.885   12843.002
       0.890   12818.213
       0.895   12791.206
       0.900   12764.396
       0.905   12737.070
       0.910   12709.463
       0.915   12682.384
       0.920   12654.964
       0.925   12627.126
       0.930   12599.804
       0.935   12572.075
       0.940   12544.341
       0.945   12516.640
       0.950   12489.103
       0.955   12460.581
       0.960   12432.836
       0.965   12404.919
       0.970   12376.277
       0.975   12348.126
       0.980   12319.721
       0.985   12291.804
       0.990   12263.094
       0.995   12234.554
       1.000   12206.004
