 
       0.005     937.648
       0.010    1874.265
       0.015    2809.853
       0.020    3744.414
       0.025    4677.950
       0.030    5610.461
       0.035    6541.950
       0.040    7472.417
       0.045    8213.432
       0.050    9036.859
       0.055    9810.956
       0.060   10508.773
       0.065   11109.988
       0.070   11605.524
       0.075   11998.246
       0.080   12300.277
       0.085   12529.192
       0.090   12703.953
       0.095   12841.716
       0.100   12955.935
       0.105   13055.739
       0.110   13146.322
       0.115   13229.882
       0.120   13306.779
       0.125   13376.571
       0.130   13438.787
       0.135   13493.379
       0.140   13540.847
       0.145   13582.173
       0.150   13618.605
       0.155   13651.419
       0.160   13681.719
       0.165   13710.299
       0.170   13737.607
       0.175   13763.770
       0.180   13788.671
       0.185   13812.057
       0.190   13833.646
       0.195   13853.221
       0.200   13870.682
       0.205   13886.077
       0.210   13899.595
       0.215   13911.526
       0.220   13922.219
       0.225   13932.021
       0.230   13941.239
       0.235   13950.112
       0.240   13958.792
       0.245   13967.346
       0.250   13975.758
       0.255   13983.948
       0.260   13991.791
       0.265   13999.146
       0.270   14005.877
       0.275   14011.881
       0.280   14017.096
       0.285   14021.513
       0.290   14025.175
       0.295   14028.173
       0.300   14030.629
       0.305   14032.670
       0.310   14034.409
       0.315   14035.932
       0.320   14037.298
       0.325   14038.548
       0.330   14039.709
       0.335   14040.796
       0.340   14041.808
       0.345   14042.732
       0.350   14043.541
       0.355   14044.202
       0.360   14044.684
       0.365   14044.964
       0.370   14045.032
       0.375   14044.901
       0.380   14044.597
       0.385   14044.155
       0.390   14043.605
       0.395   14042.969
       0.400   14042.257
       0.405   14041.468
       0.410   14040.592
       0.415   14039.615
       0.420   14038.516
       0.425   14037.270
       0.430   14035.847
       0.435   14033.696
       0.440   14031.620
       0.445   14029.471
       0.450   14027.524
       0.455   14025.860
       0.460   14023.092
       0.465   14020.333
       0.470   14012.366
       0.475   14014.654
       0.480   14011.460
       0.485   14007.574
       0.490   14005.079
       0.495   14000.781
       0.500   13997.332
       0.505   13992.644
       0.510   13989.078
       0.515   13983.680
       0.520   13979.414
       0.525   13973.917
       0.530   13968.850
       0.535   13963.112
       0.540   13957.189
       0.545   13950.998
       0.550   13944.624
       0.555   13937.775
       0.560   13930.724
       0.565   13923.292
       0.570   13915.588
       0.575   13907.491
       0.580   13899.054
       0.585   13890.184
       0.590   13880.882
       0.595   13871.134
       0.600   13860.910
       0.605   13850.222
       0.610   13838.982
       0.615   13827.244
       0.620   13814.883
       0.625   13801.966
       0.630   13788.404
       0.635   13774.182
       0.640   13759.242
       0.645   13743.565
       0.650   13727.093
       0.655   13709.812
       0.660   13691.679
       0.665   13672.661
       0.670   13652.785
       0.675   13631.838
       0.680   13609.907
       0.685   13586.972
       0.690   13562.988
       0.695   13537.937
       0.700   13511.817
       0.705   13484.591
       0.710   13456.387
       0.715   13426.783
       0.720   13396.440
       0.725   13364.700
       0.730   13332.127
       0.735   13298.695
       0.740   13264.430
       0.745   13229.053
       0.750   13193.461
       0.755   13156.799
       0.760   13119.541
       0.765   13082.098
       0.770   13043.987
       0.775   13005.640
       0.780   12967.004
       0.785   12928.073
       0.790   12888.964
       0.795   12849.629
       0.800   12813.177
       0.805   12772.925
       0.810   12733.005
       0.815   12692.790
       0.820   12652.797
       0.825   12612.070
       0.830   12571.629
       0.835   12530.734
       0.840   12489.748
       0.845   12448.395
       0.850   12407.435
       0.855   12365.897
       0.860   12324.371
       0.865   12282.854
       0.870   12241.137
       0.875   12199.397
       0.880   12157.285
       0.885   12115.237
       0.890   12072.897
       0.895   12030.551
       0.900   11988.307
       0.905   11945.864
       0.910   11903.293
       0.915   11860.591
       0.920   11817.867
       0.925   11775.214
       0.930   11732.684
       0.935   11689.995
       0.940   11647.456
       0.945   11604.938
       0.950   11562.327
       0.955   11519.914
       0.960   11477.634
       0.965   11435.342
       0.970   11392.984
       0.975   11350.782
       0.980   11308.677
       0.985   11266.572
       0.990   11224.325
       0.995   11182.114
       1.000   11140.070
