 
       0.005     937.648
       0.010    1874.265
       0.015    2809.853
       0.020    3744.414
       0.025    4677.950
       0.030    5610.461
       0.035    6541.950
       0.040    7472.417
       0.045    8213.429
       0.050    9036.853
       0.055    9810.944
       0.060   10508.741
       0.065   11109.921
       0.070   11605.396
       0.075   11998.029
       0.080   12299.940
       0.085   12528.711
       0.090   12703.314
       0.095   12840.908
       0.100   12954.953
       0.105   13054.579
       0.110   13144.978
       0.115   13228.348
       0.120   13305.047
       0.125   13374.629
       0.130   13436.629
       0.135   13490.995
       0.140   13538.232
       0.145   13579.322
       0.150   13615.515
       0.155   13648.087
       0.160   13678.141
       0.165   13706.472
       0.170   13733.527
       0.175   13759.430
       0.180   13784.065
       0.185   13807.178
       0.190   13828.488
       0.195   13847.777
       0.200   13864.946
       0.205   13880.044
       0.210   13893.260
       0.215   13904.887
       0.220   13915.272
       0.225   13924.765
       0.230   13933.672
       0.235   13942.227
       0.240   13950.585
       0.245   13958.811
       0.250   13966.888
       0.255   13974.736
       0.260   13982.229
       0.265   13989.225
       0.270   13995.591
       0.275   14001.220
       0.280   14006.049
       0.285   14010.072
       0.290   14013.331
       0.295   14015.924
       0.300   14017.975
       0.305   14019.619
       0.310   14020.970
       0.315   14022.111
       0.320   14023.094
       0.325   14023.954
       0.330   14024.711
       0.335   14025.374
       0.340   14025.940
       0.345   14026.396
       0.350   14026.712
       0.355   14026.854
       0.360   14026.788
       0.365   14026.492
       0.370   14025.965
       0.375   14025.230
       0.380   14024.326
       0.385   14023.292
       0.390   14022.153
       0.395   14020.911
       0.400   14019.239
       0.405   14017.968
       0.410   14015.707
       0.415   14013.819
       0.420   14011.894
       0.425   14007.160
       0.430   14006.076
       0.435   14002.593
       0.440   14000.171
       0.445   13996.207
       0.450   13993.164
       0.455   13989.560
       0.460   13985.143
       0.465   13980.851
       0.470   13976.870
       0.475   13971.881
       0.480   13967.220
       0.485   13961.796
       0.490   13956.343
       0.495   13950.395
       0.500   13944.395
       0.505   13937.921
       0.510   13931.306
       0.515   13924.355
       0.520   13917.176
       0.525   13909.632
       0.530   13901.831
       0.535   13893.679
       0.540   13885.271
       0.545   13876.542
       0.550   13867.589
       0.555   13858.148
       0.560   13848.512
       0.565   13838.458
       0.570   13828.138
       0.575   13817.426
       0.580   13806.427
       0.585   13795.047
       0.590   13783.358
       0.595   13771.322
       0.600   13758.966
       0.605   13746.281
       0.610   13733.277
       0.615   13719.944
       0.620   13706.380
       0.625   13692.304
       0.630   13678.073
       0.635   13663.400
       0.640   13648.554
       0.645   13633.347
       0.650   13617.978
       0.655   13602.225
       0.660   13586.330
       0.665   13570.122
       0.670   13553.734
       0.675   13537.098
       0.680   13520.311
       0.685   13503.310
       0.690   13486.166
       0.695   13468.850
       0.700   13451.837
       0.705   13434.147
       0.710   13416.286
       0.715   13398.750
       0.720   13380.554
       0.725   13362.852
       0.730   13344.514
       0.735   13326.927
       0.740   13308.165
       0.745   13290.130
       0.750   13271.613
       0.755   13253.477
       0.760   13235.020
       0.765   13216.459
       0.770   13197.750
       0.775   13179.187
       0.780   13160.572
       0.785   13141.997
       0.790   13123.250
       0.795   13104.594
       0.800   13085.784
       0.805   13067.030
       0.810   13048.160
       0.815   13029.264
       0.820   13010.455
       0.825   12991.424
       0.830   12972.624
       0.835   12953.564
       0.840   12934.435
       0.845   12915.501
       0.850   12896.308
       0.855   12877.235
       0.860   12858.073
       0.865   12838.941
       0.870   12819.691
       0.875   12800.514
       0.880   12781.089
       0.885   12761.898
       0.890   12742.403
       0.895   12723.114
       0.900   12703.531
       0.905   12686.010
       0.910   12665.854
       0.915   12646.367
       0.920   12626.529
       0.925   12607.031
       0.930   12586.845
       0.935   12567.111
       0.940   12547.118
       0.945   12527.237
       0.950   12507.041
       0.955   12486.990
       0.960   12466.603
       0.965   12446.496
       0.970   12425.817
       0.975   12405.641
       0.980   12384.890
       0.985   12364.414
       0.990   12343.274
       0.995   12321.946
       1.000   12301.144
