 
       0.005     937.648
       0.010    1874.265
       0.015    2809.853
       0.020    3744.414
       0.025    4677.950
       0.030    5610.461
       0.035    6541.950
       0.040    7472.417
       0.045    8213.369
       0.050    9036.709
       0.055    9810.591
       0.060   10507.892
       0.065   11108.153
       0.070   11601.970
       0.075   11992.204
       0.080   12290.969
       0.085   12516.009
       0.090   12686.516
       0.095   12819.827
       0.100   12929.510
       0.105   13024.735
       0.110   13110.667
       0.115   13189.462
       0.120   13261.439
       0.125   13326.142
       0.130   13383.116
       0.135   13432.345
       0.140   13474.377
       0.145   13510.238
       0.150   13541.208
       0.155   13568.577
       0.160   13593.443
       0.165   13616.586
       0.170   13638.429
       0.175   13659.078
       0.180   13678.400
       0.185   13696.136
       0.190   13712.005
       0.195   13725.796
       0.200   13737.425
       0.205   13746.958
       0.210   13754.611
       0.215   13760.710
       0.220   13765.639
       0.225   13769.758
       0.230   13773.344
       0.235   13776.583
       0.240   13779.579
       0.245   13782.372
       0.250   13784.929
       0.255   13787.144
       0.260   13788.840
       0.265   13789.742
       0.270   13789.289
       0.275   13787.036
       0.280   13782.956
       0.285   13777.326
       0.290   13773.890
       0.295   13766.148
       0.300   13759.347
       0.305   13751.563
       0.310   13742.996
       0.315   13733.888
       0.320   13724.221
       0.325   13713.857
       0.330   13702.829
       0.335   13691.160
       0.340   13678.974
       0.345   13666.342
       0.350   13653.261
       0.355   13639.762
       0.360   13625.876
       0.365   13611.629
       0.370   13597.005
       0.375   13582.044
       0.380   13566.731
       0.385   13551.190
       0.390   13535.447
       0.395   13519.549
       0.400   13503.568
       0.405   13487.237
       0.410   13470.903
       0.415   13454.355
       0.420   13437.792
       0.425   13421.112
       0.430   13404.469
       0.435   13387.805
       0.440   13371.163
       0.445   13354.506
       0.450   13337.880
       0.455   13321.278
       0.460   13304.693
       0.465   13288.167
       0.470   13271.697
       0.475   13255.304
       0.480   13238.989
       0.485   13222.750
       0.490   13206.585
       0.495   13190.490
       0.500   13174.448
       0.505   13158.483
       0.510   13142.926
       0.515   13127.148
       0.520   13111.509
       0.525   13096.012
       0.530   13080.541
       0.535   13065.032
       0.540   13049.548
       0.545   13034.109
       0.550   13018.688
       0.555   13003.457
       0.560   12988.112
       0.565   12972.884
       0.570   12957.657
       0.575   12942.507
       0.580   12927.343
       0.585   12912.226
       0.590   12897.090
       0.595   12882.047
       0.600   12866.952
       0.605   12851.863
       0.610   12836.785
       0.615   12821.682
       0.620   12806.595
       0.625   12791.405
       0.630   12776.292
       0.635   12761.048
       0.640   12745.887
       0.645   12730.643
       0.650   12715.348
       0.655   12700.048
       0.660   12684.697
       0.665   12669.242
       0.670   12653.823
       0.675   12638.256
       0.680   12622.626
       0.685   12606.964
       0.690   12591.208
       0.695   12575.421
       0.700   12559.499
       0.705   12543.431
       0.710   12527.445
       0.715   12511.161
       0.720   12494.842
       0.725   12478.480
       0.730   12461.986
       0.735   12445.410
       0.740   12428.674
       0.745   12411.740
       0.750   12394.837
       0.755   12377.698
       0.760   12360.513
       0.765   12343.069
       0.770   12325.463
       0.775   12307.845
       0.780   12289.990
       0.785   12272.059
       0.790   12253.832
       0.795   12235.395
       0.800   12216.913
       0.805   12198.160
       0.810   12179.288
       0.815   12160.154
       0.820   12140.909
       0.825   12121.348
       0.830   12101.702
       0.835   12081.737
       0.840   12061.501
       0.845   12041.098
       0.850   12020.455
       0.855   11999.479
       0.860   11978.360
       0.865   11956.892
       0.870   11935.165
       0.875   11913.151
       0.880   11890.866
       0.885   11868.263
       0.890   11845.345
       0.895   11822.099
       0.900   11798.540
       0.905   11774.645
       0.910   11750.447
       0.915   11725.890
       0.920   11701.002
       0.925   11675.760
       0.930   11650.206
       0.935   11624.238
       0.940   11600.486
       0.945   11573.475
       0.950   11546.495
       0.955   11519.351
       0.960   11491.270
       0.965   11463.177
       0.970   11434.575
       0.975   11405.528
       0.980   11376.100
       0.985   11346.405
       0.990   11316.426
       0.995   11285.809
       1.000   11254.605
