 
       0.005     937.648
       0.010    1874.265
       0.015    2809.853
       0.020    3744.414
       0.025    4677.950
       0.030    5610.461
       0.035    6541.950
       0.040    7472.417
       0.045    8213.411
       0.050    9036.810
       0.055    9810.839
       0.060   10508.489
       0.065   11109.395
       0.070   11604.377
       0.075   11996.291
       0.080   12297.257
       0.085   12524.900
       0.090   12698.257
       0.095   12834.538
       0.100   12947.236
       0.105   13045.493
       0.110   13134.493
       0.115   13216.420
       0.120   13291.619
       0.125   13359.642
       0.130   13420.025
       0.135   13472.725
       0.140   13518.261
       0.145   13557.628
       0.150   13592.085
       0.155   13622.915
       0.160   13651.217
       0.165   13677.782
       0.170   13703.049
       0.175   13727.137
       0.180   13749.923
       0.185   13771.151
       0.190   13790.542
       0.195   13807.877
       0.200   13823.065
       0.205   13836.159
       0.210   13847.357
       0.215   13856.961
       0.220   13865.325
       0.225   13872.800
       0.230   13879.684
       0.235   13886.202
       0.240   13892.497
       0.245   13898.630
       0.250   13904.581
       0.255   13910.266
       0.260   13915.555
       0.265   13920.302
       0.270   13924.361
       0.275   13927.610
       0.280   13929.965
       0.285   13931.393
       0.290   13931.937
       0.295   13931.744
       0.300   13930.491
       0.305   13929.080
       0.310   13928.119
       0.315   13926.302
       0.320   13924.627
       0.325   13922.652
       0.330   13919.645
       0.335   13915.134
       0.340   13911.955
       0.345   13907.448
       0.350   13901.266
       0.355   13896.192
       0.360   13890.869
       0.365   13884.096
       0.370   13877.055
       0.375   13869.550
       0.380   13861.638
       0.385   13853.187
       0.390   13844.274
       0.395   13834.794
       0.400   13824.838
       0.405   13814.364
       0.410   13803.395
       0.415   13791.906
       0.420   13779.915
       0.425   13767.484
       0.430   13754.535
       0.435   13741.209
       0.440   13727.352
       0.445   13713.076
       0.450   13698.310
       0.455   13683.138
       0.460   13667.541
       0.465   13651.632
       0.470   13635.242
       0.475   13618.572
       0.480   13601.523
       0.485   13584.236
       0.490   13566.554
       0.495   13548.653
       0.500   13530.462
       0.505   13512.075
       0.510   13493.498
       0.515   13474.736
       0.520   13455.860
       0.525   13436.829
       0.530   13417.675
       0.535   13398.374
       0.540   13379.015
       0.545   13359.594
       0.550   13340.128
       0.555   13321.045
       0.560   13301.483
       0.565   13282.041
       0.570   13262.640
       0.575   13243.065
       0.580   13223.966
       0.585   13204.318
       0.590   13185.084
       0.595   13165.635
       0.600   13146.518
       0.605   13127.035
       0.610   13107.838
       0.615   13088.553
       0.620   13069.479
       0.625   13050.247
       0.630   13031.340
       0.635   13012.167
       0.640   12993.254
       0.645   12974.125
       0.650   12955.206
       0.655   12936.222
       0.660   12917.458
       0.665   12898.539
       0.670   12879.634
       0.675   12860.931
       0.680   12842.103
       0.685   12823.433
       0.690   12804.649
       0.695   12785.910
       0.700   12767.149
       0.705   12750.911
       0.710   12731.524
       0.715   12713.041
       0.720   12694.302
       0.725   12675.442
       0.730   12656.656
       0.735   12637.801
       0.740   12618.880
       0.745   12600.401
       0.750   12581.215
       0.755   12562.568
       0.760   12543.375
       0.765   12525.007
       0.770   12505.517
       0.775   12486.261
       0.780   12467.424
       0.785   12447.921
       0.790   12428.573
       0.795   12409.510
       0.800   12390.081
       0.805   12370.072
       0.810   12350.902
       0.815   12331.052
       0.820   12311.111
       0.825   12291.210
       0.830   12271.222
       0.835   12250.606
       0.840   12230.504
       0.845   12209.448
       0.850   12188.916
       0.855   12167.910
       0.860   12146.949
       0.865   12125.564
       0.870   12104.294
       0.875   12082.776
       0.880   12060.751
       0.885   12038.814
       0.890   12016.452
       0.895   11994.005
       0.900   11971.214
       0.905   11948.137
       0.910   11924.798
       0.915   11901.268
       0.920   11877.477
       0.925   11853.555
       0.930   11829.126
       0.935   11804.587
       0.940   11779.504
       0.945   11754.067
       0.950   11728.373
       0.955   11702.485
       0.960   11676.303
       0.965   11649.923
       0.970   11622.669
       0.975   11595.632
       0.980   11567.995
       0.985   11539.846
       0.990   11511.561
       0.995   11482.946
       1.000   11453.975
