 
       0.005     937.648
       0.010    1874.265
       0.015    2809.853
       0.020    3744.414
       0.025    4677.950
       0.030    5610.461
       0.035    6541.950
       0.040    7472.417
       0.045    8213.432
       0.050    9036.860
       0.055    9810.960
       0.060   10508.782
       0.065   11110.008
       0.070   11605.562
       0.075   11998.312
       0.080   12300.379
       0.085   12529.338
       0.090   12704.148
       0.095   12841.965
       0.100   12956.238
       0.105   13056.100
       0.110   13146.742
       0.115   13230.364
       0.120   13307.327
       0.125   13377.187
       0.130   13439.477
       0.135   13494.145
       0.140   13541.693
       0.145   13583.100
       0.150   13619.616
       0.155   13652.517
       0.160   13682.904
       0.165   13711.575
       0.170   13738.977
       0.175   13765.236
       0.180   13790.236
       0.185   13813.725
       0.190   13835.422
       0.195   13855.108
       0.200   13872.683
       0.205   13888.197
       0.210   13901.836
       0.215   13913.891
       0.220   13924.709
       0.225   13934.640
       0.230   13943.991
       0.235   13952.998
       0.240   13961.817
       0.245   13970.515
       0.250   13979.076
       0.255   13987.419
       0.260   13995.420
       0.265   14002.938
       0.270   14009.839
       0.275   14016.019
       0.280   14021.416
       0.285   14026.022
       0.290   14029.879
       0.295   14033.077
       0.300   14035.734
       0.305   14037.976
       0.310   14039.914
       0.315   14041.637
       0.320   14043.206
       0.325   14044.666
       0.330   14046.047
       0.335   14047.364
       0.340   14048.620
       0.345   14049.801
       0.350   14050.880
       0.355   14051.827
       0.360   14052.610
       0.365   14053.205
       0.370   14053.603
       0.375   14053.811
       0.380   14053.849
       0.385   14053.748
       0.390   14053.537
       0.395   14053.241
       0.400   14052.874
       0.405   14052.443
       0.410   14051.948
       0.415   14051.385
       0.420   14050.750
       0.425   14050.035
       0.430   14049.232
       0.435   14048.329
       0.440   14047.318
       0.445   14046.189
       0.450   14044.942
       0.455   14043.585
       0.460   14041.774
       0.465   14040.602
       0.470   14038.740
       0.475   14036.759
       0.480   14034.607
       0.485   14032.666
       0.490   14031.077
       0.495   14029.156
       0.500   14027.541
       0.505   14024.108
       0.510   14021.952
       0.515   14016.305
       0.520   14016.191
       0.525   14004.193
       0.530   14010.600
       0.535   14007.294
       0.540   14003.514
       0.545   14001.952
       0.550   13998.686
       0.555   13995.343
       0.560   13991.270
       0.565   13987.011
       0.570   13983.917
       0.575   13980.166
       0.580   13976.123
       0.585   13972.580
       0.590   13967.756
       0.595   13963.988
       0.600   13959.185
       0.605   13955.149
       0.610   13950.531
       0.615   13946.018
       0.620   13941.027
       0.625   13936.151
       0.630   13930.906
       0.635   13925.993
       0.640   13920.752
       0.645   13915.379
       0.650   13909.878
       0.655   13904.384
       0.660   13898.572
       0.665   13892.958
       0.670   13887.007
       0.675   13881.081
       0.680   13874.892
       0.685   13868.752
       0.690   13862.324
       0.695   13855.948
       0.700   13849.284
       0.705   13842.661
       0.710   13835.749
       0.715   13828.884
       0.720   13821.699
       0.725   13814.569
       0.730   13807.156
       0.735   13799.745
       0.740   13792.078
       0.745   13784.369
       0.750   13776.423
       0.755   13768.432
       0.760   13760.168
       0.765   13751.865
       0.770   13743.287
       0.775   13734.656
       0.780   13725.766
       0.785   13716.857
       0.790   13707.551
       0.795   13698.314
       0.800   13688.677
       0.805   13679.050
       0.810   13669.047
       0.815   13659.003
       0.820   13648.624
       0.825   13638.231
       0.830   13627.407
       0.835   13616.584
       0.840   13605.388
       0.845   13594.139
       0.850   13582.504
       0.855   13570.840
       0.860   13558.850
       0.865   13546.682
       0.870   13534.292
       0.875   13521.698
       0.880   13508.859
       0.885   13495.810
       0.890   13484.167
       0.895   13470.044
       0.900   13456.185
       0.905   13442.267
       0.910   13428.371
       0.915   13413.746
       0.920   13399.412
       0.925   13384.566
       0.930   13370.060
       0.935   13354.772
       0.940   13339.833
       0.945   13324.146
       0.950   13308.858
       0.955   13292.874
       0.960   13277.312
       0.965   13261.175
       0.970   13245.078
       0.975   13228.765
       0.980   13212.175
       0.985   13195.991
       0.990   13179.275
       0.995   13162.955
       1.000   13145.679
