 
       0.005     937.648
       0.010    1874.265
       0.015    2809.853
       0.020    3744.414
       0.025    4677.950
       0.030    5610.461
       0.035    6541.950
       0.040    7472.417
       0.045    8213.401
       0.050    9036.787
       0.055    9810.781
       0.060   10508.349
       0.065   11109.111
       0.070   11603.810
       0.075   11995.325
       0.080   12295.764
       0.085   12522.776
       0.090   12695.437
       0.095   12830.984
       0.100   12942.928
       0.105   13040.418
       0.110   13128.632
       0.115   13209.748
       0.120   13284.103
       0.125   13351.246
       0.130   13410.716
       0.135   13462.474
       0.140   13507.048
       0.145   13545.439
       0.150   13578.911
       0.155   13608.750
       0.160   13636.055
       0.165   13661.612
       0.170   13685.859
       0.175   13708.908
       0.180   13730.634
       0.185   13750.781
       0.190   13769.067
       0.195   13785.276
       0.200   13799.318
       0.205   13811.251
       0.210   13821.276
       0.215   13829.703
       0.220   13836.892
       0.225   13843.195
       0.230   13848.905
       0.235   13854.239
       0.240   13859.330
       0.245   13864.234
       0.250   13868.927
       0.255   13873.323
       0.260   13877.284
       0.265   13880.648
       0.270   13883.241
       0.275   13884.884
       0.280   13885.389
       0.285   13884.120
       0.290   13882.230
       0.295   13879.899
       0.300   13876.165
       0.305   13872.758
       0.310   13866.829
       0.315   13864.143
       0.320   13858.122
       0.325   13850.850
       0.330   13843.614
       0.335   13835.630
       0.340   13826.795
       0.345   13817.110
       0.350   13806.571
       0.355   13795.307
       0.360   13783.311
       0.365   13770.544
       0.370   13756.969
       0.375   13742.591
       0.380   13727.404
       0.385   13711.377
       0.390   13694.485
       0.395   13676.742
       0.400   13658.236
       0.405   13638.993
       0.410   13618.996
       0.415   13598.298
       0.420   13576.729
       0.425   13554.496
       0.430   13531.487
       0.435   13507.937
       0.440   13483.767
       0.445   13459.084
       0.450   13433.855
       0.455   13408.186
       0.460   13382.066
       0.465   13355.567
       0.470   13328.746
       0.475   13301.641
       0.480   13274.316
       0.485   13247.292
       0.490   13219.430
       0.495   13191.888
       0.500   13164.315
       0.505   13136.642
       0.510   13108.892
       0.515   13081.265
       0.520   13053.542
       0.525   13025.999
       0.530   12998.430
       0.535   12971.082
       0.540   12943.635
       0.545   12916.351
       0.550   12889.459
       0.555   12862.470
       0.560   12835.928
       0.565   12809.229
       0.570   12783.017
       0.575   12756.635
       0.580   12730.476
       0.585   12707.423
       0.590   12680.884
       0.595   12655.545
       0.600   12629.272
       0.605   12604.174
       0.610   12578.634
       0.615   12553.921
       0.620   12528.425
       0.625   12503.993
       0.630   12478.603
       0.635   12454.507
       0.640   12429.966
       0.645   12405.648
       0.650   12381.260
       0.655   12357.422
       0.660   12333.183
       0.665   12309.653
       0.670   12285.171
       0.675   12261.804
       0.680   12237.484
       0.685   12213.889
       0.690   12189.880
       0.695   12166.277
       0.700   12142.508
       0.705   12118.858
       0.710   12095.098
       0.715   12071.182
       0.720   12047.461
       0.725   12023.971
       0.730   11999.563
       0.735   11976.038
       0.740   11951.482
       0.745   11927.476
       0.750   11902.899
       0.755   11878.480
       0.760   11853.683
       0.765   11828.985
       0.770   11803.732
       0.775   11778.665
       0.780   11753.173
       0.785   11727.449
       0.790   11701.447
       0.795   11675.349
       0.800   11649.009
       0.805   11622.377
       0.810   11595.620
       0.815   11568.534
       0.820   11540.699
       0.825   11512.865
       0.830   11484.813
       0.835   11456.365
       0.840   11427.675
       0.845   11398.181
       0.850   11368.563
       0.855   11338.821
       0.860   11308.748
       0.865   11278.219
       0.870   11247.069
       0.875   11215.878
       0.880   11184.211
       0.885   11152.050
       0.890   11119.733
       0.895   11086.893
       0.900   11053.704
       0.905   11020.273
       0.910   10986.137
       0.915   10951.903
       0.920   10917.215
       0.925   10882.324
       0.930   10846.734
       0.935   10810.615
       0.940   10774.289
       0.945   10737.679
       0.950   10700.453
       0.955   10663.058
       0.960   10625.003
       0.965   10586.724
       0.970   10548.202
       0.975   10509.365
       0.980   10470.252
       0.985   10430.840
       0.990   10391.051
       0.995   10351.020
       1.000   10310.535
