 
       0.005     937.648
       0.010    1874.265
       0.015    2809.853
       0.020    3744.414
       0.025    4677.950
       0.030    5610.461
       0.035    6541.950
       0.040    7472.417
       0.045    8213.403
       0.050    9036.792
       0.055    9810.793
       0.060   10508.378
       0.065   11109.170
       0.070   11603.938
       0.075   11995.554
       0.080   12296.138
       0.085   12523.341
       0.090   12696.231
       0.095   12832.043
       0.100   12944.282
       0.105   13042.098
       0.110   13130.669
       0.115   13212.177
       0.120   13286.963
       0.125   13354.580
       0.130   13414.567
       0.135   13466.885
       0.140   13512.061
       0.145   13551.091
       0.150   13585.240
       0.155   13615.790
       0.160   13643.841
       0.165   13670.182
       0.170   13695.251
       0.175   13719.165
       0.180   13741.802
       0.185   13762.905
       0.190   13782.197
       0.195   13799.461
       0.200   13814.606
       0.205   13827.690
       0.210   13838.909
       0.215   13848.568
       0.220   13857.018
       0.225   13864.609
       0.230   13871.640
       0.235   13878.335
       0.240   13884.839
       0.245   13891.212
       0.250   13897.437
       0.255   13903.431
       0.260   13909.067
       0.265   13914.201
       0.270   13918.695
       0.275   13922.438
       0.280   13925.360
       0.285   13927.450
       0.290   13928.765
       0.295   13929.435
       0.300   13929.641
       0.305   13929.554
       0.310   13929.289
       0.315   13928.891
       0.320   13928.362
       0.325   13927.681
       0.330   13926.812
       0.335   13925.706
       0.340   13923.766
       0.345   13921.648
       0.350   13919.870
       0.355   13917.285
       0.360   13915.694
       0.365   13911.972
       0.370   13909.685
       0.375   13901.821
       0.380   13903.143
       0.385   13899.705
       0.390   13894.886
       0.395   13892.799
       0.400   13888.244
       0.405   13884.221
       0.410   13879.729
       0.415   13875.459
       0.420   13870.353
       0.425   13865.680
       0.430   13860.694
       0.435   13855.727
       0.440   13850.205
       0.445   13844.831
       0.450   13839.201
       0.455   13833.723
       0.460   13827.781
       0.465   13821.843
       0.470   13815.886
       0.475   13809.756
       0.480   13803.529
       0.485   13797.280
       0.490   13790.995
       0.495   13784.443
       0.500   13777.853
       0.505   13771.110
       0.510   13764.444
       0.515   13757.557
       0.520   13750.765
       0.525   13743.702
       0.530   13736.794
       0.535   13729.568
       0.540   13722.499
       0.545   13715.175
       0.550   13707.964
       0.555   13700.485
       0.560   13693.100
       0.565   13685.507
       0.570   13677.996
       0.575   13670.271
       0.580   13662.640
       0.585   13654.830
       0.590   13647.067
       0.595   13639.197
       0.600   13631.304
       0.605   13623.230
       0.610   13615.205
       0.615   13606.995
       0.620   13598.838
       0.625   13590.481
       0.630   13582.212
       0.635   13573.730
       0.640   13565.352
       0.645   13556.735
       0.650   13548.215
       0.655   13539.474
       0.660   13530.800
       0.665   13521.942
       0.670   13513.118
       0.675   13504.117
       0.680   13495.161
       0.685   13485.997
       0.690   13476.856
       0.695   13467.572
       0.700   13458.333
       0.705   13448.901
       0.710   13439.517
       0.715   13429.941
       0.720   13420.370
       0.725   13410.624
       0.730   13401.123
       0.735   13391.242
       0.740   13381.652
       0.745   13371.494
       0.750   13361.284
       0.755   13351.051
       0.760   13340.771
       0.765   13331.202
       0.770   13320.788
       0.775   13310.020
       0.780   13299.313
       0.785   13288.660
       0.790   13277.817
       0.795   13267.200
       0.800   13255.960
       0.805   13245.380
       0.810   13233.789
       0.815   13222.853
       0.820   13211.031
       0.825   13200.152
       0.830   13188.084
       0.835   13177.003
       0.840   13164.533
       0.845   13153.117
       0.850   13140.926
       0.855   13129.044
       0.860   13116.656
       0.865   13104.985
       0.870   13092.176
       0.875   13080.248
       0.880   13067.314
       0.885   13055.093
       0.890   13041.657
       0.895   13029.175
       0.900   13015.902
       0.905   13003.074
       0.910   12989.528
       0.915   12976.562
       0.920   12962.769
       0.925   12949.462
       0.930   12935.578
       0.935   12921.933
       0.940   12907.864
       0.945   12893.991
       0.950   12879.774
       0.955   12865.546
       0.960   12851.102
       0.965   12836.728
       0.970   12822.117
       0.975   12807.504
       0.980   12792.461
       0.985   12777.485
       0.990   12762.347
       0.995   12746.854
       1.000   12731.612
