 
       0.005     937.648
       0.010    1874.265
       0.015    2809.853
       0.020    3744.414
       0.025    4677.950
       0.030    5610.461
       0.035    6541.950
       0.040    7472.417
       0.045    8213.342
       0.050    9036.646
       0.055    9810.433
       0.060   10507.520
       0.065   11107.366
       0.070   11600.460
       0.075   11989.645
       0.080   12287.044
       0.085   12510.485
       0.090   12679.252
       0.095   12810.769
       0.100   12918.650
       0.105   13012.079
       0.110   13096.212
       0.115   13173.187
       0.120   13243.310
       0.125   13306.120
       0.130   13361.170
       0.135   13408.459
       0.140   13448.557
       0.145   13482.504
       0.150   13511.593
       0.155   13537.121
       0.160   13560.181
       0.165   13581.547
       0.170   13601.632
       0.175   13620.535
       0.180   13638.118
       0.185   13654.119
       0.190   13668.259
       0.195   13680.328
       0.200   13690.242
       0.205   13698.073
       0.210   13704.045
       0.215   13708.505
       0.220   13711.869
       0.225   13714.511
       0.230   13716.694
       0.235   13718.559
       0.240   13720.171
       0.245   13721.537
       0.250   13722.593
       0.255   13723.161
       0.260   13722.807
       0.265   13720.043
       0.270   13716.063
       0.275   13709.407
       0.280   13703.694
       0.285   13696.337
       0.290   13688.083
       0.295   13678.979
       0.300   13669.183
       0.305   13658.898
       0.310   13648.163
       0.315   13636.897
       0.320   13625.057
       0.325   13612.713
       0.330   13599.981
       0.335   13586.928
       0.340   13573.589
       0.345   13560.001
       0.350   13546.215
       0.355   13532.247
       0.360   13518.114
       0.365   13503.784
       0.370   13489.298
       0.375   13474.715
       0.380   13460.121
       0.385   13445.554
       0.390   13430.894
       0.395   13416.255
       0.400   13401.548
       0.405   13386.892
       0.410   13372.235
       0.415   13357.643
       0.420   13343.080
       0.425   13328.611
       0.430   13314.219
       0.435   13299.885
       0.440   13285.627
       0.445   13271.445
       0.450   13257.310
       0.455   13243.249
       0.460   13229.247
       0.465   13215.323
       0.470   13201.495
       0.475   13187.732
       0.480   13174.046
       0.485   13160.431
       0.490   13146.858
       0.495   13133.341
       0.500   13119.854
       0.505   13106.427
       0.510   13093.038
       0.515   13079.704
       0.520   13066.407
       0.525   13053.512
       0.530   13040.336
       0.535   13027.156
       0.540   13014.153
       0.545   13000.859
       0.550   12987.849
       0.555   12974.549
       0.560   12961.584
       0.565   12948.294
       0.570   12935.287
       0.575   12921.926
       0.580   12908.800
       0.585   12895.528
       0.590   12882.393
       0.595   12869.023
       0.600   12855.827
       0.605   12842.377
       0.610   12829.080
       0.615   12815.564
       0.620   12802.121
       0.625   12788.540
       0.630   12774.887
       0.635   12761.273
       0.640   12747.398
       0.645   12733.679
       0.650   12719.790
       0.655   12705.886
       0.660   12691.886
       0.665   12677.700
       0.670   12663.710
       0.675   12649.253
       0.680   12635.099
       0.685   12620.425
       0.690   12606.029
       0.695   12591.249
       0.700   12576.632
       0.705   12561.592
       0.710   12546.491
       0.715   12531.450
       0.720   12516.176
       0.725   12500.804
       0.730   12485.382
       0.735   12469.669
       0.740   12454.220
       0.745   12438.134
       0.750   12422.295
       0.755   12405.997
       0.760   12389.517
       0.765   12373.098
       0.770   12356.434
       0.775   12339.666
       0.780   12322.669
       0.785   12305.613
       0.790   12288.261
       0.795   12270.838
       0.800   12253.136
       0.805   12235.322
       0.810   12217.277
       0.815   12198.964
       0.820   12180.642
       0.825   12161.856
       0.830   12143.102
       0.835   12123.925
       0.840   12104.679
       0.845   12085.090
       0.850   12065.518
       0.855   12045.358
       0.860   12025.140
       0.865   12004.525
       0.870   11983.761
       0.875   11962.618
       0.880   11941.260
       0.885   11919.633
       0.890   11897.689
       0.895   11875.443
       0.900   11852.905
       0.905   11830.016
       0.910   11806.780
       0.915   11783.215
       0.920   11759.303
       0.925   11735.104
       0.930   11710.537
       0.935   11685.608
       0.940   11660.324
       0.945   11634.697
       0.950   11608.694
       0.955   11582.346
       0.960   11557.883
       0.965   11530.899
       0.970   11503.667
       0.975   11475.378
       0.980   11447.323
       0.985   11418.336
       0.990   11389.220
       0.995   11359.626
       1.000   11329.802
