 
       0.005     937.648
       0.010    1874.265
       0.015    2809.853
       0.020    3744.414
       0.025    4677.950
       0.030    5610.461
       0.035    6541.950
       0.040    7472.417
       0.045    8213.432
       0.050    9036.859
       0.055    9810.958
       0.060   10508.777
       0.065   11109.997
       0.070   11605.543
       0.075   11998.279
       0.080   12300.327
       0.085   12529.263
       0.090   12704.049
       0.095   12841.839
       0.100   12956.084
       0.105   13055.917
       0.110   13146.528
       0.115   13230.119
       0.120   13307.048
       0.125   13376.874
       0.130   13439.126
       0.135   13493.755
       0.140   13541.263
       0.145   13582.629
       0.150   13619.102
       0.155   13651.959
       0.160   13682.302
       0.165   13710.926
       0.170   13738.281
       0.175   13764.491
       0.180   13789.440
       0.185   13812.877
       0.190   13834.520
       0.195   13854.149
       0.200   13871.666
       0.205   13887.120
       0.210   13900.697
       0.215   13912.690
       0.220   13923.444
       0.225   13933.309
       0.230   13942.593
       0.235   13951.532
       0.240   13960.280
       0.245   13968.905
       0.250   13977.391
       0.255   13985.656
       0.260   13993.577
       0.265   14001.012
       0.270   14007.828
       0.275   14013.918
       0.280   14019.223
       0.285   14023.733
       0.290   14027.492
       0.295   14030.589
       0.300   14033.144
       0.305   14035.284
       0.310   14037.122
       0.315   14038.743
       0.320   14040.210
       0.325   14041.563
       0.330   14042.833
       0.335   14044.034
       0.340   14045.167
       0.345   14046.218
       0.350   14047.161
       0.355   14047.965
       0.360   14048.597
       0.365   14049.035
       0.370   14049.269
       0.375   14049.309
       0.380   14049.177
       0.385   14048.906
       0.390   14048.528
       0.395   14048.065
       0.400   14047.529
       0.405   14046.924
       0.410   14046.248
       0.415   14045.491
       0.420   14044.645
       0.425   14043.693
       0.430   14042.622
       0.435   14041.413
       0.440   14040.054
       0.445   14038.233
       0.450   14035.916
       0.455   14034.220
       0.460   14032.764
       0.465   14030.912
       0.470   14028.850
       0.475   14026.475
       0.480   14023.814
       0.485   14021.261
       0.490   14013.345
       0.495   14015.203
       0.500   14012.595
       0.505   14005.805
       0.510   14005.364
       0.515   14001.872
       0.520   13999.009
       0.525   13995.286
       0.530   13991.751
       0.535   13987.180
       0.540   13982.666
       0.545   13978.533
       0.550   13973.914
       0.555   13969.018
       0.560   13964.148
       0.565   13958.832
       0.570   13953.519
       0.575   13947.744
       0.580   13941.984
       0.585   13935.922
       0.590   13929.735
       0.595   13923.289
       0.600   13916.677
       0.605   13909.743
       0.610   13902.102
       0.615   13895.254
       0.620   13887.560
       0.625   13879.670
       0.630   13871.496
       0.635   13863.047
       0.640   13854.339
       0.645   13845.266
       0.650   13835.984
       0.655   13826.279
       0.660   13816.342
       0.665   13805.983
       0.670   13795.334
       0.675   13784.252
       0.680   13772.857
       0.685   13761.051
       0.690   13748.881
       0.695   13736.314
       0.700   13723.404
       0.705   13710.024
       0.710   13696.130
       0.715   13681.893
       0.720   13667.248
       0.725   13652.038
       0.730   13636.528
       0.735   13620.437
       0.740   13604.031
       0.745   13587.086
       0.750   13569.772
       0.755   13552.008
       0.760   13533.833
       0.765   13515.256
       0.770   13496.261
       0.775   13477.857
       0.780   13457.404
       0.785   13437.299
       0.790   13416.794
       0.795   13396.258
       0.800   13374.985
       0.805   13353.845
       0.810   13332.198
       0.815   13310.730
       0.820   13288.373
       0.825   13266.335
       0.830   13244.048
       0.835   13221.530
       0.840   13198.883
       0.845   13175.910
       0.850   13152.879
       0.855   13129.891
       0.860   13106.663
       0.865   13083.261
       0.870   13059.816
       0.875   13036.493
       0.880   13012.850
       0.885   12989.270
       0.890   12965.528
       0.895   12941.716
       0.900   12917.793
       0.905   12893.850
       0.910   12869.790
       0.915   12848.646
       0.920   12823.272
       0.925   12798.987
       0.930   12774.460
       0.935   12749.878
       0.940   12725.432
       0.945   12700.460
       0.950   12676.076
       0.955   12651.116
       0.960   12626.296
       0.965   12601.431
       0.970   12576.331
       0.975   12551.337
       0.980   12526.099
       0.985   12500.717
       0.990   12475.315
       0.995   12450.112
       1.000   12424.558
