 
       0.005     937.648
       0.010    1874.265
       0.015    2809.853
       0.020    3744.414
       0.025    4677.950
       0.030    5610.461
       0.035    6541.950
       0.040    7472.417
       0.045    8213.429
       0.050    9036.852
       0.055    9810.940
       0.060   10508.732
       0.065   11109.902
       0.070   11605.357
       0.075   11997.962
       0.080   12299.837
       0.085   12528.565
       0.090   12703.118
       0.095   12840.661
       0.100   12954.652
       0.105   13054.223
       0.110   13144.566
       0.115   13227.876
       0.120   13304.513
       0.125   13374.031
       0.130   13435.963
       0.135   13490.258
       0.140   13537.422
       0.145   13578.437
       0.150   13614.554
       0.155   13647.050
       0.160   13677.025
       0.165   13705.277
       0.170   13732.250
       0.175   13758.071
       0.180   13782.620
       0.185   13805.645
       0.190   13826.864
       0.195   13846.060
       0.200   13863.133
       0.205   13878.134
       0.210   13891.251
       0.215   13902.778
       0.220   13913.061
       0.225   13922.452
       0.230   13931.254
       0.235   13939.704
       0.240   13947.954
       0.245   13956.068
       0.250   13964.033
       0.255   13971.764
       0.260   13979.138
       0.265   13986.012
       0.270   13992.251
       0.275   13997.750
       0.280   14002.446
       0.285   14006.329
       0.290   14009.447
       0.295   14011.894
       0.300   14013.801
       0.305   14015.303
       0.310   14016.514
       0.315   14017.518
       0.320   14018.364
       0.325   14019.084
       0.330   14019.693
       0.335   14020.200
       0.340   14020.600
       0.345   14020.877
       0.350   14021.001
       0.355   14020.934
       0.360   14020.642
       0.365   14020.102
       0.370   14019.318
       0.375   14018.320
       0.380   14017.151
       0.385   14015.673
       0.390   14013.972
       0.395   14012.495
       0.400   14010.392
       0.405   14007.807
       0.410   14006.486
       0.415   14003.152
       0.420   14000.901
       0.425   13994.613
       0.430   13994.476
       0.435   13990.928
       0.440   13986.256
       0.445   13982.908
       0.450   13978.594
       0.455   13974.322
       0.460   13969.210
       0.465   13964.090
       0.470   13958.625
       0.475   13952.814
       0.480   13946.711
       0.485   13940.352
       0.490   13933.586
       0.495   13926.561
       0.500   13919.155
       0.505   13911.481
       0.510   13903.389
       0.515   13894.990
       0.520   13886.171
       0.525   13877.008
       0.530   13867.467
       0.535   13857.589
       0.540   13847.275
       0.545   13836.617
       0.550   13825.508
       0.555   13814.029
       0.560   13802.091
       0.565   13789.783
       0.570   13777.016
       0.575   13763.857
       0.580   13750.257
       0.585   13736.252
       0.590   13721.837
       0.595   13707.069
       0.600   13691.785
       0.605   13676.224
       0.610   13660.087
       0.615   13643.737
       0.620   13626.851
       0.625   13609.732
       0.630   13592.197
       0.635   13574.358
       0.640   13556.208
       0.645   13537.732
       0.650   13518.977
       0.655   13499.955
       0.660   13480.688
       0.665   13461.196
       0.670   13441.586
       0.675   13421.940
       0.680   13401.775
       0.685   13381.781
       0.690   13361.271
       0.695   13340.981
       0.700   13320.700
       0.705   13300.053
       0.710   13279.268
       0.715   13258.624
       0.720   13237.402
       0.725   13216.794
       0.730   13195.750
       0.735   13174.915
       0.740   13153.599
       0.745   13132.626
       0.750   13111.576
       0.755   13090.333
       0.760   13069.055
       0.765   13048.027
       0.770   13026.855
       0.775   13005.640
       0.780   12984.358
       0.785   12963.230
       0.790   12941.882
       0.795   12920.740
       0.800   12899.430
       0.805   12878.228
       0.810   12856.962
       0.815   12835.718
       0.820   12814.364
       0.825   12795.604
       0.830   12773.424
       0.835   12752.241
       0.840   12730.444
       0.845   12709.085
       0.850   12687.816
       0.855   12666.459
       0.860   12645.014
       0.865   12623.335
       0.870   12601.926
       0.875   12580.250
       0.880   12558.738
       0.885   12537.151
       0.890   12515.607
       0.895   12493.740
       0.900   12472.390
       0.905   12450.560
       0.910   12428.969
       0.915   12406.793
       0.920   12385.218
       0.925   12362.980
       0.930   12340.713
       0.935   12318.599
       0.940   12296.303
       0.945   12274.091
       0.950   12251.452
       0.955   12228.962
       0.960   12206.161
       0.965   12183.527
       0.970   12160.643
       0.975   12137.730
       0.980   12114.365
       0.985   12090.933
       0.990   12067.548
       0.995   12043.708
       1.000   12019.884
