 
       0.005     937.648
       0.010    1874.265
       0.015    2809.853
       0.020    3744.414
       0.025    4677.950
       0.030    5610.461
       0.035    6541.950
       0.040    7472.417
       0.045    8213.384
       0.050    9036.746
       0.055    9810.680
       0.060   10508.105
       0.065   11108.607
       0.070   11602.840
       0.075   11993.683
       0.080   12293.248
       0.085   12519.236
       0.090   12690.786
       0.095   12825.188
       0.100   12935.983
       0.105   13032.331
       0.110   13119.403
       0.115   13199.367
       0.120   13272.551
       0.125   13338.503
       0.130   13396.765
       0.135   13447.310
       0.140   13490.677
       0.145   13527.880
       0.150   13560.191
       0.155   13588.898
       0.160   13615.099
       0.165   13639.578
       0.170   13662.766
       0.175   13684.771
       0.180   13705.467
       0.185   13724.595
       0.190   13741.876
       0.195   13757.096
       0.200   13770.170
       0.205   13781.160
       0.210   13790.274
       0.215   13797.827
       0.220   13804.187
       0.225   13809.704
       0.230   13814.667
       0.235   13819.283
       0.240   13823.678
       0.245   13827.906
       0.250   13831.942
       0.255   13835.699
       0.260   13839.038
       0.265   13841.789
       0.270   13843.764
       0.275   13844.755
       0.280   13844.236
       0.285   13842.481
       0.290   13839.983
       0.295   13836.490
       0.300   13833.702
       0.305   13825.036
       0.310   13826.569
       0.315   13821.735
       0.320   13814.864
       0.325   13808.413
       0.330   13802.319
       0.335   13795.472
       0.340   13787.990
       0.345   13780.024
       0.350   13771.614
       0.355   13762.787
       0.360   13753.623
       0.365   13744.193
       0.370   13734.389
       0.375   13724.267
       0.380   13713.853
       0.385   13703.152
       0.390   13692.167
       0.395   13680.898
       0.400   13669.399
       0.405   13657.693
       0.410   13645.819
       0.415   13633.758
       0.420   13621.588
       0.425   13609.224
       0.430   13596.740
       0.435   13584.111
       0.440   13571.400
       0.445   13558.688
       0.450   13545.690
       0.455   13532.822
       0.460   13519.740
       0.465   13506.716
       0.470   13493.630
       0.475   13480.527
       0.480   13467.377
       0.485   13454.222
       0.490   13441.013
       0.495   13427.866
       0.500   13414.689
       0.505   13401.558
       0.510   13388.408
       0.515   13375.298
       0.520   13362.144
       0.525   13349.014
       0.530   13335.865
       0.535   13322.743
       0.540   13309.638
       0.545   13296.558
       0.550   13283.493
       0.555   13270.450
       0.560   13257.398
       0.565   13244.403
       0.570   13231.659
       0.575   13218.636
       0.580   13205.693
       0.585   13192.700
       0.590   13179.748
       0.595   13166.667
       0.600   13153.643
       0.605   13140.688
       0.610   13127.503
       0.615   13114.407
       0.620   13101.319
       0.625   13088.207
       0.630   13074.986
       0.635   13061.802
       0.640   13048.545
       0.645   13035.296
       0.650   13021.985
       0.655   13008.633
       0.660   12995.167
       0.665   12981.777
       0.670   12968.264
       0.675   12954.763
       0.680   12941.082
       0.685   12927.470
       0.690   12913.717
       0.695   12900.027
       0.700   12886.140
       0.705   12872.109
       0.710   12858.160
       0.715   12844.095
       0.720   12829.955
       0.725   12815.674
       0.730   12801.506
       0.735   12787.072
       0.740   12772.716
       0.745   12758.013
       0.750   12743.431
       0.755   12728.655
       0.760   12714.008
       0.765   12698.824
       0.770   12683.682
       0.775   12668.578
       0.780   12653.319
       0.785   12637.955
       0.790   12622.448
       0.795   12606.938
       0.800   12591.155
       0.805   12575.296
       0.810   12559.299
       0.815   12543.105
       0.820   12526.741
       0.825   12510.453
       0.830   12493.771
       0.835   12477.169
       0.840   12460.199
       0.845   12443.336
       0.850   12426.108
       0.855   12408.865
       0.860   12391.286
       0.865   12373.713
       0.870   12355.878
       0.875   12337.970
       0.880   12319.678
       0.885   12301.412
       0.890   12282.757
       0.895   12264.132
       0.900   12245.067
       0.905   12226.095
       0.910   12206.618
       0.915   12187.222
       0.920   12167.308
       0.925   12147.330
       0.930   12126.976
       0.935   12106.529
       0.940   12085.768
       0.945   12064.789
       0.950   12043.508
       0.955   12022.005
       0.960   12002.331
       0.965   11978.081
       0.970   11955.765
       0.975   11935.167
       0.980   11911.975
       0.985   11888.848
       0.990   11865.181
       0.995   11841.535
       1.000   11817.132
