 
       0.005     937.648
       0.010    1874.265
       0.015    2809.853
       0.020    3744.414
       0.025    4677.950
       0.030    5610.461
       0.035    6541.950
       0.040    7472.417
       0.045    8213.430
       0.050    9036.855
       0.055    9810.948
       0.060   10508.752
       0.065   11109.944
       0.070   11605.439
       0.075   11998.102
       0.080   12300.053
       0.085   12528.871
       0.090   12703.526
       0.095   12841.175
       0.100   12955.276
       0.105   13054.959
       0.110   13145.416
       0.115   13228.845
       0.120   13305.605
       0.125   13375.252
       0.130   13437.317
       0.135   13491.751
       0.140   13539.057
       0.145   13580.215
       0.150   13616.477
       0.155   13649.119
       0.160   13679.242
       0.165   13707.642
       0.170   13734.767
       0.175   13760.741
       0.180   13785.447
       0.185   13808.632
       0.190   13830.015
       0.195   13849.377
       0.200   13866.619
       0.205   13881.792
       0.210   13895.081
       0.215   13906.781
       0.220   13917.239
       0.225   13926.803
       0.230   13935.781
       0.235   13944.407
       0.240   13952.835
       0.245   13961.131
       0.250   13969.279
       0.255   13977.198
       0.260   13984.761
       0.265   13991.828
       0.270   13998.264
       0.275   14003.964
       0.280   14008.864
       0.285   14012.956
       0.290   14016.286
       0.295   14018.946
       0.300   14021.062
       0.305   14022.768
       0.310   14024.177
       0.315   14025.373
       0.320   14026.410
       0.325   14027.323
       0.330   14028.132
       0.335   14028.848
       0.340   14029.469
       0.345   14029.978
       0.350   14030.348
       0.355   14030.544
       0.360   14030.531
       0.365   14030.286
       0.370   14029.806
       0.375   14029.112
       0.380   14028.243
       0.385   14027.238
       0.390   14026.121
       0.395   14024.895
       0.400   14023.544
       0.405   14021.623
       0.410   14019.463
       0.415   14017.692
       0.420   14015.484
       0.425   14011.818
       0.430   14010.043
       0.435   14005.073
       0.440   14003.848
       0.445   14000.359
       0.450   13996.255
       0.455   13992.764
       0.460   13988.607
       0.465   13983.810
       0.470   13978.889
       0.475   13974.004
       0.480   13968.369
       0.485   13962.632
       0.490   13956.352
       0.495   13949.874
       0.500   13942.949
       0.505   13935.713
       0.510   13928.037
       0.515   13920.010
       0.520   13911.495
       0.525   13902.558
       0.530   13893.129
       0.535   13883.217
       0.540   13872.828
       0.545   13861.917
       0.550   13850.447
       0.555   13838.380
       0.560   13825.716
       0.565   13812.372
       0.570   13798.415
       0.575   13783.745
       0.580   13768.370
       0.585   13752.247
       0.590   13735.373
       0.595   13717.712
       0.600   13699.318
       0.605   13679.955
       0.610   13659.791
       0.615   13638.663
       0.620   13616.743
       0.625   13593.871
       0.630   13570.145
       0.635   13545.504
       0.640   13520.007
       0.645   13493.620
       0.650   13466.373
       0.655   13442.154
       0.660   13409.461
       0.665   13379.810
       0.670   13349.580
       0.675   13318.425
       0.680   13286.908
       0.685   13254.726
       0.690   13222.217
       0.695   13189.076
       0.700   13155.822
       0.705   13121.798
       0.710   13087.865
       0.715   13053.523
       0.720   13019.223
       0.725   12984.684
       0.730   12950.010
       0.735   12915.258
       0.740   12880.415
       0.745   12845.491
       0.750   12810.531
       0.755   12778.091
       0.760   12742.498
       0.765   12707.397
       0.770   12672.104
       0.775   12637.059
       0.780   12601.529
       0.785   12566.060
       0.790   12530.788
       0.795   12495.121
       0.800   12459.728
       0.805   12424.450
       0.810   12388.767
       0.815   12353.255
       0.820   12317.804
       0.825   12282.098
       0.830   12246.368
       0.835   12211.019
       0.840   12175.617
       0.845   12140.166
       0.850   12104.826
       0.855   12069.532
       0.860   12034.298
       0.865   11998.940
       0.870   11963.760
       0.875   11928.530
       0.880   11893.397
       0.885   11858.253
       0.890   11823.180
       0.895   11787.831
       0.900   11752.874
       0.905   11717.896
       0.910   11682.821
       0.915   11647.396
       0.920   11612.461
       0.925   11577.205
       0.930   11542.208
       0.935   11507.015
       0.940   11471.659
       0.945   11436.206
       0.950   11400.630
       0.955   11364.920
       0.960   11329.239
       0.965   11293.447
       0.970   11257.552
       0.975   11221.380
       0.980   11184.986
       0.985   11148.569
       0.990   11111.732
       0.995   11074.831
       1.000   11037.806
