 
       0.005     937.648
       0.010    1874.265
       0.015    2809.853
       0.020    3744.414
       0.025    4677.950
       0.030    5610.461
       0.035    6541.950
       0.040    7472.417
       0.045    8213.432
       0.050    9036.860
       0.055    9810.960
       0.060   10508.782
       0.065   11110.008
       0.070   11605.562
       0.075   11998.312
       0.080   12300.378
       0.085   12529.337
       0.090   12704.147
       0.095   12841.962
       0.100   12956.236
       0.105   13056.097
       0.110   13146.738
       0.115   13230.360
       0.120   13307.322
       0.125   13377.181
       0.130   13439.471
       0.135   13494.137
       0.140   13541.684
       0.145   13583.091
       0.150   13619.607
       0.155   13652.506
       0.160   13682.893
       0.165   13711.563
       0.170   13738.963
       0.175   13765.222
       0.180   13790.221
       0.185   13813.709
       0.190   13835.404
       0.195   13855.089
       0.200   13872.663
       0.205   13888.176
       0.210   13901.813
       0.215   13913.867
       0.220   13924.684
       0.225   13934.613
       0.230   13943.962
       0.235   13952.968
       0.240   13961.786
       0.245   13970.481
       0.250   13979.040
       0.255   13987.382
       0.260   13995.381
       0.265   14002.897
       0.270   14009.796
       0.275   14015.974
       0.280   14021.369
       0.285   14025.971
       0.290   14029.826
       0.295   14033.021
       0.300   14035.676
       0.305   14037.915
       0.310   14039.851
       0.315   14041.571
       0.320   14043.137
       0.325   14044.595
       0.330   14045.972
       0.335   14047.286
       0.340   14048.539
       0.345   14049.716
       0.350   14050.792
       0.355   14051.734
       0.360   14052.513
       0.365   14053.104
       0.370   14053.497
       0.375   14053.699
       0.380   14053.733
       0.385   14053.627
       0.390   14053.411
       0.395   14053.110
       0.400   14052.737
       0.405   14052.301
       0.410   14051.800
       0.415   14051.232
       0.420   14050.590
       0.425   14049.868
       0.430   14049.057
       0.435   14048.145
       0.440   14047.123
       0.445   14045.983
       0.450   14044.724
       0.455   14043.353
       0.460   14041.624
       0.465   14040.342
       0.470   14038.350
       0.475   14036.315
       0.480   14034.300
       0.485   14032.787
       0.490   14030.464
       0.495   14029.034
       0.500   14026.935
       0.505   14023.660
       0.510   14021.293
       0.515   14014.271
       0.520   14015.503
       0.525   14005.949
       0.530   14008.580
       0.535   14006.009
       0.540   14002.858
       0.545   14001.410
       0.550   13998.305
       0.555   13994.153
       0.560   13990.521
       0.565   13986.218
       0.570   13982.652
       0.575   13979.572
       0.580   13975.183
       0.585   13971.358
       0.590   13966.504
       0.595   13962.423
       0.600   13957.796
       0.605   13953.453
       0.610   13948.418
       0.615   13943.793
       0.620   13938.730
       0.625   13933.715
       0.630   13928.520
       0.635   13923.249
       0.640   13917.828
       0.645   13912.282
       0.650   13906.432
       0.655   13900.782
       0.660   13894.816
       0.665   13888.835
       0.670   13882.579
       0.675   13876.316
       0.680   13869.796
       0.685   13863.251
       0.690   13856.456
       0.695   13849.641
       0.700   13842.512
       0.705   13835.375
       0.710   13827.923
       0.715   13820.454
       0.720   13812.681
       0.725   13804.850
       0.730   13796.754
       0.735   13788.565
       0.740   13780.074
       0.745   13771.482
       0.750   13762.560
       0.755   13753.526
       0.760   13744.186
       0.765   13734.679
       0.770   13724.860
       0.775   13714.927
       0.780   13704.566
       0.785   13694.081
       0.790   13683.210
       0.795   13672.119
       0.800   13660.654
       0.805   13648.985
       0.810   13636.881
       0.815   13624.591
       0.820   13611.829
       0.825   13598.862
       0.830   13585.426
       0.835   13571.760
       0.840   13557.645
       0.845   13543.228
       0.850   13528.422
       0.855   13513.293
       0.860   13497.743
       0.865   13483.194
       0.870   13465.888
       0.875   13449.519
       0.880   13432.075
       0.885   13415.069
       0.890   13397.107
       0.895   13379.089
       0.900   13360.463
       0.905   13341.872
       0.910   13322.743
       0.915   13303.692
       0.920   13283.980
       0.925   13264.417
       0.930   13244.195
       0.935   13224.098
       0.940   13203.519
       0.945   13183.074
       0.950   13162.007
       0.955   13141.240
       0.960   13119.752
       0.965   13098.660
       0.970   13076.955
       0.975   13055.021
       0.980   13033.444
       0.985   13011.557
       0.990   12989.418
       0.995   12967.312
       1.000   12945.056
