 
       0.005     937.648
       0.010    1874.265
       0.015    2809.853
       0.020    3744.414
       0.025    4677.950
       0.030    5610.461
       0.035    6541.950
       0.040    7472.417
       0.045    8213.386
       0.050    9036.751
       0.055    9810.693
       0.060   10508.136
       0.065   11108.672
       0.070   11602.959
       0.075   11993.880
       0.080   12293.541
       0.085   12519.634
       0.090   12691.289
       0.095   12825.788
       0.100   12936.668
       0.105   13033.088
       0.110   13120.222
       0.115   13200.234
       0.120   13273.455
       0.125   13339.431
       0.130   13397.704
       0.135   13448.244
       0.140   13491.589
       0.145   13528.752
       0.150   13561.004
       0.155   13589.635
       0.160   13615.741
       0.165   13640.107
       0.170   13663.162
       0.175   13685.018
       0.180   13705.544
       0.185   13724.483
       0.190   13741.554
       0.195   13756.542
       0.200   13769.361
       0.205   13780.074
       0.210   13788.887
       0.215   13796.119
       0.220   13802.140
       0.225   13807.305
       0.230   13811.900
       0.235   13816.128
       0.240   13820.112
       0.245   13823.899
       0.250   13827.463
       0.255   13830.710
       0.260   13833.490
       0.265   13835.610
       0.270   13836.820
       0.275   13836.765
       0.280   13834.737
       0.285   13831.417
       0.290   13827.400
       0.295   13820.489
       0.300   13818.425
       0.305   13811.436
       0.310   13804.522
       0.315   13797.414
       0.320   13789.116
       0.325   13780.148
       0.330   13770.425
       0.335   13759.858
       0.340   13748.508
       0.345   13736.473
       0.350   13723.816
       0.355   13710.529
       0.360   13696.609
       0.365   13682.074
       0.370   13666.943
       0.375   13651.201
       0.380   13634.856
       0.385   13617.914
       0.390   13600.492
       0.395   13582.629
       0.400   13564.360
       0.405   13545.728
       0.410   13526.642
       0.415   13507.101
       0.420   13487.338
       0.425   13467.208
       0.430   13446.880
       0.435   13426.394
       0.440   13405.686
       0.445   13384.873
       0.450   13363.931
       0.455   13342.868
       0.460   13321.759
       0.465   13300.600
       0.470   13279.433
       0.475   13258.277
       0.480   13237.150
       0.485   13216.062
       0.490   13195.149
       0.495   13174.410
       0.500   13153.754
       0.505   13133.005
       0.510   13112.610
       0.515   13092.055
       0.520   13071.626
       0.525   13051.329
       0.530   13031.116
       0.535   13011.041
       0.540   12990.955
       0.545   12971.146
       0.550   12951.314
       0.555   12931.667
       0.560   12911.992
       0.565   12892.493
       0.570   12873.117
       0.575   12853.777
       0.580   12834.591
       0.585   12815.467
       0.590   12796.347
       0.595   12777.388
       0.600   12758.497
       0.605   12739.644
       0.610   12720.864
       0.615   12702.075
       0.620   12683.396
       0.625   12664.747
       0.630   12648.178
       0.635   12629.102
       0.640   12610.649
       0.645   12592.015
       0.650   12573.631
       0.655   12554.791
       0.660   12536.204
       0.665   12517.736
       0.670   12499.129
       0.675   12480.476
       0.680   12462.009
       0.685   12443.279
       0.690   12424.730
       0.695   12405.705
       0.700   12387.177
       0.705   12368.206
       0.710   12349.601
       0.715   12330.347
       0.720   12311.458
       0.725   12292.182
       0.730   12273.139
       0.735   12253.757
       0.740   12234.462
       0.745   12214.669
       0.750   12195.202
       0.755   12175.248
       0.760   12155.351
       0.765   12135.107
       0.770   12114.974
       0.775   12094.166
       0.780   12073.488
       0.785   12052.658
       0.790   12031.542
       0.795   12010.443
       0.800   11988.897
       0.805   11967.815
       0.810   11945.537
       0.815   11923.566
       0.820   11901.045
       0.825   11878.326
       0.830   11855.438
       0.835   11832.269
       0.840   11808.639
       0.845   11784.855
       0.850   11760.729
       0.855   11736.484
       0.860   11711.788
       0.865   11686.909
       0.870   11661.299
       0.875   11635.494
       0.880   11609.182
       0.885   11582.894
       0.890   11555.883
       0.895   11528.685
       0.900   11501.306
       0.905   11473.642
       0.910   11444.869
       0.915   11416.216
       0.920   11387.151
       0.925   11357.692
       0.930   11327.883
       0.935   11297.611
       0.940   11266.986
       0.945   11235.889
       0.950   11204.356
       0.955   11172.472
       0.960   11140.150
       0.965   11107.369
       0.970   11074.278
       0.975   11040.989
       0.980   11006.804
       0.985   10972.468
       0.990   10937.704
       0.995   10902.427
       1.000   10866.735
