 
       0.005     937.648
       0.010    1874.265
       0.015    2809.853
       0.020    3744.414
       0.025    4677.950
       0.030    5610.461
       0.035    6541.950
       0.040    7472.417
       0.045    8213.432
       0.050    9036.860
       0.055    9810.959
       0.060   10508.778
       0.065   11109.999
       0.070   11605.546
       0.075   11998.285
       0.080   12300.337
       0.085   12529.278
       0.090   12704.068
       0.095   12841.863
       0.100   12956.114
       0.105   13055.952
       0.110   13146.570
       0.115   13230.166
       0.120   13307.102
       0.125   13376.934
       0.130   13439.194
       0.135   13493.831
       0.140   13541.345
       0.145   13582.720
       0.150   13619.202
       0.155   13652.067
       0.160   13682.418
       0.165   13711.052
       0.170   13738.415
       0.175   13764.635
       0.180   13789.594
       0.185   13813.041
       0.190   13834.694
       0.195   13854.334
       0.200   13871.863
       0.205   13887.328
       0.210   13900.917
       0.215   13912.922
       0.220   13923.689
       0.225   13933.567
       0.230   13942.864
       0.235   13951.816
       0.240   13960.578
       0.245   13969.217
       0.250   13977.717
       0.255   13985.998
       0.260   13993.935
       0.265   14001.386
       0.270   14008.218
       0.275   14014.326
       0.280   14019.649
       0.285   14024.177
       0.290   14027.955
       0.295   14031.072
       0.300   14033.647
       0.305   14035.807
       0.310   14037.664
       0.315   14039.305
       0.320   14040.792
       0.325   14042.166
       0.330   14043.458
       0.335   14044.681
       0.340   14045.838
       0.345   14046.915
       0.350   14047.885
       0.355   14048.717
       0.360   14049.379
       0.365   14049.848
       0.370   14050.114
       0.375   14050.187
       0.380   14050.089
       0.385   14049.852
       0.390   14049.507
       0.395   14049.077
       0.400   14048.575
       0.405   14048.005
       0.410   14047.366
       0.415   14046.649
       0.420   14045.846
       0.425   14044.946
       0.430   14043.932
       0.435   14042.791
       0.440   14041.508
       0.445   14039.548
       0.450   14038.203
       0.455   14036.241
       0.460   14034.142
       0.465   14032.735
       0.470   14030.835
       0.475   14028.517
       0.480   14026.421
       0.485   14024.168
       0.490   14021.077
       0.495   14014.019
       0.500   14015.309
       0.505   14012.446
       0.510   14008.968
       0.515   14004.908
       0.520   14003.578
       0.525   13998.975
       0.530   13995.884
       0.535   13991.494
       0.540   13987.176
       0.545   13983.067
       0.550   13979.092
       0.555   13974.262
       0.560   13969.954
       0.565   13964.958
       0.570   13960.156
       0.575   13954.669
       0.580   13949.361
       0.585   13943.692
       0.590   13938.059
       0.595   13932.107
       0.600   13926.024
       0.605   13919.670
       0.610   13913.176
       0.615   13906.501
       0.620   13899.441
       0.625   13892.267
       0.630   13884.862
       0.635   13877.241
       0.640   13869.376
       0.645   13861.269
       0.650   13852.908
       0.655   13844.289
       0.660   13835.433
       0.665   13826.263
       0.670   13816.872
       0.675   13807.113
       0.680   13797.122
       0.685   13786.756
       0.690   13776.138
       0.695   13765.175
       0.700   13753.939
       0.705   13742.364
       0.710   13730.433
       0.715   13718.194
       0.720   13705.647
       0.725   13692.669
       0.730   13679.335
       0.735   13665.697
       0.740   13651.659
       0.745   13637.317
       0.750   13622.570
       0.755   13607.552
       0.760   13592.072
       0.765   13576.380
       0.770   13560.264
       0.775   13543.896
       0.780   13527.146
       0.785   13510.129
       0.790   13492.868
       0.795   13475.693
       0.800   13457.461
       0.805   13439.574
       0.810   13420.892
       0.815   13402.445
       0.820   13383.398
       0.825   13364.623
       0.830   13345.083
       0.835   13325.778
       0.840   13307.204
       0.845   13286.566
       0.850   13266.541
       0.855   13246.647
       0.860   13226.391
       0.865   13206.276
       0.870   13185.827
       0.875   13165.461
       0.880   13144.737
       0.885   13124.238
       0.890   13103.252
       0.895   13082.681
       0.900   13061.549
       0.905   13040.405
       0.910   13019.417
       0.915   12998.213
       0.920   12976.993
       0.925   12955.622
       0.930   12934.316
       0.935   12912.804
       0.940   12891.244
       0.945   12869.512
       0.950   12847.935
       0.955   12828.643
       0.960   12805.843
       0.965   12783.785
       0.970   12761.886
       0.975   12740.066
       0.980   12717.360
       0.985   12695.487
       0.990   12672.555
       0.995   12650.137
       1.000   12627.348
