 
       0.005     937.648
       0.010    1874.265
       0.015    2809.853
       0.020    3744.414
       0.025    4677.950
       0.030    5610.461
       0.035    6541.950
       0.040    7472.417
       0.045    8213.432
       0.050    9036.860
       0.055    9810.960
       0.060   10508.782
       0.065   11110.007
       0.070   11605.561
       0.075   11998.310
       0.080   12300.376
       0.085   12529.334
       0.090   12704.143
       0.095   12841.958
       0.100   12956.230
       0.105   13056.090
       0.110   13146.730
       0.115   13230.351
       0.120   13307.312
       0.125   13377.170
       0.130   13439.458
       0.135   13494.123
       0.140   13541.668
       0.145   13583.073
       0.150   13619.587
       0.155   13652.485
       0.160   13682.870
       0.165   13711.538
       0.170   13738.936
       0.175   13765.193
       0.180   13790.190
       0.185   13813.675
       0.190   13835.369
       0.195   13855.051
       0.200   13872.623
       0.205   13888.132
       0.210   13901.767
       0.215   13913.818
       0.220   13924.632
       0.225   13934.559
       0.230   13943.904
       0.235   13952.907
       0.240   13961.722
       0.245   13970.414
       0.250   13978.969
       0.255   13987.307
       0.260   13995.302
       0.265   14002.814
       0.270   14009.709
       0.275   14015.882
       0.280   14021.273
       0.285   14025.871
       0.290   14029.720
       0.295   14032.910
       0.300   14035.559
       0.305   14037.794
       0.310   14039.724
       0.315   14041.439
       0.320   14043.000
       0.325   14044.451
       0.330   14045.822
       0.335   14047.130
       0.340   14048.376
       0.345   14049.546
       0.350   14050.614
       0.355   14051.549
       0.360   14052.319
       0.365   14052.900
       0.370   14053.284
       0.375   14053.477
       0.380   14053.500
       0.385   14053.383
       0.390   14053.158
       0.395   14052.846
       0.400   14052.464
       0.405   14052.016
       0.410   14051.504
       0.415   14050.924
       0.420   14050.270
       0.425   14049.533
       0.430   14048.705
       0.435   14047.776
       0.440   14046.733
       0.445   14045.569
       0.450   14044.285
       0.455   14042.887
       0.460   14041.132
       0.465   14039.555
       0.470   14038.106
       0.475   14035.846
       0.480   14033.965
       0.485   14032.011
       0.490   14030.295
       0.495   14026.385
       0.500   14025.368
       0.505   14023.481
       0.510   14020.200
       0.515   14013.072
       0.520   14014.777
       0.525   14011.773
       0.530   14008.407
       0.535   14006.104
       0.540   14001.615
       0.545   13999.648
       0.550   13995.732
       0.555   13992.313
       0.560   13988.795
       0.565   13984.761
       0.570   13980.976
       0.575   13976.496
       0.580   13972.735
       0.585   13967.978
       0.590   13963.958
       0.595   13959.173
       0.600   13954.463
       0.605   13949.524
       0.610   13944.593
       0.615   13939.424
       0.620   13934.191
       0.625   13928.757
       0.630   13923.221
       0.635   13917.589
       0.640   13911.657
       0.645   13905.702
       0.650   13899.492
       0.655   13893.235
       0.660   13886.684
       0.665   13880.069
       0.670   13873.159
       0.675   13866.185
       0.680   13858.896
       0.685   13851.515
       0.690   13843.793
       0.695   13835.964
       0.700   13827.797
       0.705   13819.473
       0.710   13810.795
       0.715   13801.961
       0.720   13792.748
       0.725   13783.332
       0.730   13773.506
       0.735   13763.425
       0.740   13752.930
       0.745   13742.126
       0.750   13730.865
       0.755   13719.243
       0.760   13707.150
       0.765   13694.621
       0.770   13681.598
       0.775   13668.068
       0.780   13654.018
       0.785   13639.403
       0.790   13624.248
       0.795   13608.383
       0.800   13591.933
       0.805   13574.718
       0.810   13556.864
       0.815   13538.242
       0.820   13518.899
       0.825   13498.758
       0.830   13477.964
       0.835   13456.054
       0.840   13434.364
       0.845   13409.770
       0.850   13385.620
       0.855   13360.244
       0.860   13334.681
       0.865   13307.848
       0.870   13280.603
       0.875   13252.270
       0.880   13223.426
       0.885   13193.822
       0.890   13163.859
       0.895   13133.385
       0.900   13102.396
       0.905   13070.892
       0.910   13039.221
       0.915   13006.961
       0.920   12974.472
       0.925   12941.841
       0.930   12908.916
       0.935   12875.636
       0.940   12842.207
       0.945   12808.612
       0.950   12777.287
       0.955   12742.503
       0.960   12708.469
       0.965   12674.260
       0.970   12638.939
       0.975   12603.765
       0.980   12568.501
       0.985   12532.869
       0.990   12496.966
       0.995   12461.279
       1.000   12424.377
