 
       0.005     937.648
       0.010    1874.265
       0.015    2809.853
       0.020    3744.414
       0.025    4677.950
       0.030    5610.461
       0.035    6541.950
       0.040    7472.417
       0.045    8213.425
       0.050    9036.843
       0.055    9810.919
       0.060   10508.683
       0.065   11109.798
       0.070   11605.160
       0.075   11997.626
       0.080   12299.317
       0.085   12527.826
       0.090   12702.138
       0.095   12839.425
       0.100   12953.153
       0.105   13052.458
       0.110   13142.528
       0.115   13225.557
       0.120   13301.900
       0.125   13371.113
       0.130   13432.729
       0.135   13486.697
       0.140   13533.529
       0.145   13574.206
       0.150   13609.982
       0.155   13642.134
       0.160   13671.765
       0.165   13699.669
       0.170   13726.290
       0.175   13751.753
       0.180   13775.937
       0.185   13798.590
       0.190   13819.431
       0.195   13838.241
       0.200   13854.922
       0.205   13869.527
       0.210   13882.245
       0.215   13893.371
       0.220   13903.255
       0.225   13912.244
       0.230   13920.645
       0.235   13928.690
       0.240   13936.530
       0.245   13944.230
       0.250   13951.772
       0.255   13959.076
       0.260   13966.015
       0.265   13972.446
       0.270   13978.234
       0.275   13983.272
       0.280   13987.496
       0.285   13990.896
       0.290   13993.522
       0.295   13995.473
       0.300   13996.891
       0.305   13997.918
       0.310   13998.674
       0.315   13999.236
       0.320   13999.646
       0.325   13999.920
       0.330   14000.067
       0.335   14000.082
       0.340   13999.953
       0.345   13999.654
       0.350   13999.145
       0.355   13998.375
       0.360   13997.304
       0.365   13995.394
       0.370   13993.882
       0.375   13991.358
       0.380   13989.437
       0.385   13988.145
       0.390   13985.632
       0.395   13982.229
       0.400   13976.663
       0.405   13975.670
       0.410   13972.613
       0.415   13968.333
       0.420   13964.379
       0.425   13959.485
       0.430   13955.077
       0.435   13950.216
       0.440   13944.714
       0.445   13938.984
       0.450   13932.987
       0.455   13926.396
       0.460   13919.770
       0.465   13912.757
       0.470   13905.489
       0.475   13897.816
       0.480   13889.892
       0.485   13881.600
       0.490   13873.028
       0.495   13864.100
       0.500   13854.818
       0.505   13839.251
       0.510   13835.272
       0.515   13824.947
       0.520   13814.366
       0.525   13803.424
       0.530   13792.213
       0.535   13780.635
       0.540   13768.766
       0.545   13756.573
       0.550   13744.086
       0.555   13731.434
       0.560   13718.197
       0.565   13704.909
       0.570   13691.145
       0.575   13677.331
       0.580   13663.084
       0.585   13648.772
       0.590   13634.064
       0.595   13619.252
       0.600   13604.190
       0.605   13588.967
       0.610   13573.506
       0.615   13557.959
       0.620   13542.199
       0.625   13526.369
       0.630   13510.311
       0.635   13494.191
       0.640   13477.928
       0.645   13461.578
       0.650   13445.133
       0.655   13428.627
       0.660   13412.436
       0.665   13395.820
       0.670   13378.954
       0.675   13362.540
       0.680   13345.599
       0.685   13328.958
       0.690   13311.922
       0.695   13295.392
       0.700   13278.175
       0.705   13261.616
       0.710   13244.186
       0.715   13227.364
       0.720   13210.199
       0.725   13193.491
       0.730   13176.152
       0.735   13159.290
       0.740   13142.000
       0.745   13125.136
       0.750   13107.770
       0.755   13090.780
       0.760   13073.426
       0.765   13056.446
       0.770   13039.047
       0.775   13021.955
       0.780   13004.568
       0.785   12987.400
       0.790   12969.841
       0.795   12952.684
       0.800   12935.194
       0.805   12917.771
       0.810   12900.457
       0.815   12885.735
       0.820   12865.342
       0.825   12850.844
       0.830   12832.482
       0.835   12814.038
       0.840   12797.710
       0.845   12778.394
       0.850   12761.572
       0.855   12742.737
       0.860   12725.780
       0.865   12706.971
       0.870   12689.832
       0.875   12670.804
       0.880   12653.746
       0.885   12634.522
       0.890   12616.243
       0.895   12597.932
       0.900   12579.414
       0.905   12560.996
       0.910   12542.209
       0.915   12523.584
       0.920   12504.696
       0.925   12485.938
       0.930   12466.646
       0.935   12447.899
       0.940   12428.222
       0.945   12409.182
       0.950   12389.326
       0.955   12370.666
       0.960   12350.100
       0.965   12330.827
       0.970   12310.244
       0.975   12290.488
       0.980   12269.249
       0.985   12249.204
       0.990   12228.034
       0.995   12207.538
       1.000   12186.465
