 
       0.005     937.648
       0.010    1874.265
       0.015    2809.853
       0.020    3744.414
       0.025    4677.950
       0.030    5610.461
       0.035    6541.950
       0.040    7472.417
       0.045    8213.395
       0.050    9036.771
       0.055    9810.741
       0.060   10508.255
       0.065   11108.920
       0.070   11603.443
       0.075   11994.713
       0.080   12294.845
       0.085   12521.512
       0.090   12693.817
       0.095   12829.018
       0.100   12940.637
       0.105   13037.829
       0.110   13125.768
       0.115   13206.632
       0.120   13280.754
       0.125   13347.688
       0.130   13406.973
       0.135   13458.575
       0.140   13503.028
       0.145   13541.334
       0.150   13574.763
       0.155   13604.597
       0.160   13631.937
       0.165   13657.568
       0.170   13681.927
       0.175   13705.127
       0.180   13727.044
       0.185   13747.421
       0.190   13765.980
       0.195   13782.506
       0.200   13796.910
       0.205   13809.253
       0.210   13819.734
       0.215   13828.662
       0.220   13836.392
       0.225   13843.274
       0.230   13849.603
       0.235   13855.597
       0.240   13861.399
       0.245   13867.065
       0.250   13872.577
       0.255   13877.851
       0.260   13882.760
       0.265   13887.155
       0.270   13890.894
       0.275   13893.855
       0.280   13895.958
       0.285   13897.178
       0.290   13897.577
       0.295   13897.324
       0.300   13896.150
       0.305   13895.314
       0.310   13894.209
       0.315   13893.483
       0.320   13891.377
       0.325   13889.422
       0.330   13887.467
       0.335   13884.921
       0.340   13880.120
       0.345   13878.574
       0.350   13868.622
       0.355   13872.136
       0.360   13867.526
       0.365   13864.068
       0.370   13859.258
       0.375   13854.507
       0.380   13849.848
       0.385   13844.601
       0.390   13839.459
       0.395   13833.911
       0.400   13828.335
       0.405   13822.633
       0.410   13816.618
       0.415   13810.483
       0.420   13804.269
       0.425   13797.858
       0.430   13791.440
       0.435   13784.684
       0.440   13777.945
       0.445   13771.025
       0.450   13764.105
       0.455   13757.045
       0.460   13750.015
       0.465   13742.695
       0.470   13735.443
       0.475   13727.932
       0.480   13720.519
       0.485   13712.846
       0.490   13705.266
       0.495   13697.483
       0.500   13689.787
       0.505   13681.848
       0.510   13674.042
       0.515   13666.012
       0.520   13658.087
       0.525   13649.966
       0.530   13641.896
       0.535   13633.655
       0.540   13625.455
       0.545   13617.203
       0.550   13608.809
       0.555   13600.448
       0.560   13591.946
       0.565   13583.493
       0.570   13574.927
       0.575   13566.340
       0.580   13557.679
       0.585   13548.959
       0.590   13540.223
       0.595   13531.354
       0.600   13522.515
       0.605   13513.547
       0.610   13504.583
       0.615   13495.517
       0.620   13486.455
       0.625   13477.266
       0.630   13468.096
       0.635   13458.780
       0.640   13449.503
       0.645   13440.059
       0.650   13430.633
       0.655   13421.062
       0.660   13411.507
       0.665   13401.783
       0.670   13392.095
       0.675   13382.247
       0.680   13372.430
       0.685   13362.679
       0.690   13352.618
       0.695   13342.756
       0.700   13332.737
       0.705   13322.401
       0.710   13312.427
       0.715   13301.866
       0.720   13291.639
       0.725   13280.906
       0.730   13270.387
       0.735   13259.470
       0.740   13249.204
       0.745   13237.968
       0.750   13227.264
       0.755   13215.785
       0.760   13205.118
       0.765   13193.508
       0.770   13182.615
       0.775   13170.784
       0.780   13159.650
       0.785   13147.674
       0.790   13136.167
       0.795   13124.086
       0.800   13112.389
       0.805   13100.286
       0.810   13088.478
       0.815   13075.949
       0.820   13063.818
       0.825   13051.304
       0.830   13039.166
       0.835   13026.284
       0.840   13013.819
       0.845   13000.678
       0.850   12987.890
       0.855   12974.765
       0.860   12962.046
       0.865   12948.343
       0.870   12935.377
       0.875   12921.317
       0.880   12908.032
       0.885   12894.001
       0.890   12880.471
       0.895   12866.258
       0.900   12852.505
       0.905   12837.992
       0.910   12823.864
       0.915   12809.229
       0.920   12794.837
       0.925   12779.984
       0.930   12765.336
       0.935   12750.256
       0.940   12735.406
       0.945   12719.861
       0.950   12704.473
       0.955   12689.255
       0.960   12673.356
       0.965   12657.859
       0.970   12641.700
       0.975   12625.939
       0.980   12609.479
       0.985   12593.178
       0.990   12576.755
       0.995   12560.039
       1.000   12543.070
