 
       0.005     937.648
       0.010    1874.265
       0.015    2809.853
       0.020    3744.414
       0.025    4677.950
       0.030    5610.461
       0.035    6541.950
       0.040    7472.417
       0.045    8213.426
       0.050    9036.845
       0.055    9810.924
       0.060   10508.694
       0.065   11109.821
       0.070   11605.202
       0.075   11997.697
       0.080   12299.426
       0.085   12527.978
       0.090   12702.337
       0.095   12839.672
       0.100   12953.448
       0.105   13052.799
       0.110   13142.914
       0.115   13225.989
       0.120   13302.377
       0.125   13371.636
       0.130   13433.296
       0.135   13487.309
       0.140   13534.182
       0.145   13574.899
       0.150   13610.713
       0.155   13642.900
       0.160   13672.564
       0.165   13700.498
       0.170   13727.146
       0.175   13752.633
       0.180   13776.839
       0.185   13799.512
       0.190   13820.369
       0.195   13839.193
       0.200   13855.885
       0.205   13870.496
       0.210   13883.216
       0.215   13894.340
       0.220   13904.218
       0.225   13913.198
       0.230   13921.585
       0.235   13929.611
       0.240   13937.428
       0.245   13945.100
       0.250   13952.611
       0.255   13959.877
       0.260   13966.772
       0.265   13973.155
       0.270   13978.888
       0.275   13983.863
       0.280   13988.016
       0.285   13991.338
       0.290   13993.874
       0.295   13995.727
       0.300   13997.039
       0.305   13997.957
       0.310   13998.601
       0.315   13999.049
       0.320   13999.338
       0.325   13999.484
       0.330   13999.489
       0.335   13999.342
       0.340   13999.023
       0.345   13998.494
       0.350   13997.697
       0.355   13996.563
       0.360   13994.537
       0.365   13992.114
       0.370   13990.558
       0.375   13988.223
       0.380   13985.896
       0.385   13982.471
       0.390   13977.978
       0.395   13974.960
       0.400   13970.793
       0.405   13967.417
       0.410   13962.779
       0.415   13957.502
       0.420   13951.947
       0.425   13945.992
       0.430   13939.443
       0.435   13932.430
       0.440   13925.001
       0.445   13917.051
       0.450   13908.677
       0.455   13899.716
       0.460   13890.255
       0.465   13880.202
       0.470   13869.592
       0.475   13858.383
       0.480   13846.542
       0.485   13834.026
       0.490   13820.798
       0.495   13806.847
       0.500   13792.183
       0.505   13776.794
       0.510   13760.633
       0.515   13743.678
       0.520   13725.916
       0.525   13707.322
       0.530   13687.953
       0.535   13667.573
       0.540   13646.436
       0.545   13624.329
       0.550   13601.479
       0.555   13577.686
       0.560   13553.104
       0.565   13527.648
       0.570   13501.397
       0.575   13474.339
       0.580   13446.538
       0.585   13418.042
       0.590   13388.897
       0.595   13359.350
       0.600   13328.963
       0.605   13298.386
       0.610   13267.166
       0.615   13235.561
       0.620   13203.267
       0.625   13171.196
       0.630   13138.102
       0.635   13105.860
       0.640   13072.564
       0.645   13039.753
       0.650   13006.454
       0.655   12973.326
       0.660   12940.156
       0.665   12906.942
       0.670   12873.766
       0.675   12840.545
       0.680   12807.357
       0.685   12774.207
       0.690   12741.094
       0.695   12710.703
       0.700   12677.051
       0.705   12643.961
       0.710   12610.989
       0.715   12578.315
       0.720   12545.332
       0.725   12512.815
       0.730   12479.625
       0.735   12447.163
       0.740   12414.561
       0.745   12381.763
       0.750   12349.529
       0.755   12317.194
       0.760   12284.873
       0.765   12252.717
       0.770   12220.596
       0.775   12188.611
       0.780   12156.564
       0.785   12124.799
       0.790   12092.979
       0.795   12061.363
       0.800   12029.708
       0.805   11998.195
       0.810   11966.787
       0.815   11935.413
       0.820   11904.156
       0.825   11872.689
       0.830   11841.461
       0.835   11810.090
       0.840   11778.456
       0.845   11747.140
       0.850   11715.590
       0.855   11684.145
       0.860   11652.575
       0.865   11621.054
       0.870   11589.135
       0.875   11557.042
       0.880   11524.877
       0.885   11492.571
       0.890   11460.280
       0.895   11427.825
       0.900   11395.160
       0.905   11362.169
       0.910   11329.001
       0.915   11295.625
       0.920   11261.878
       0.925   11228.015
       0.930   11194.049
       0.935   11159.754
       0.940   11125.004
       0.945   11090.052
       0.950   11054.933
       0.955   11019.324
       0.960   10983.652
       0.965   10947.643
       0.970   10911.145
       0.975   10874.498
       0.980   10837.540
       0.985   10800.059
       0.990   10762.453
       0.995   10724.402
       1.000   10685.971
