 
       0.005     937.648
       0.010    1874.265
       0.015    2809.853
       0.020    3744.414
       0.025    4677.950
       0.030    5610.461
       0.035    6541.950
       0.040    7472.417
       0.045    8213.427
       0.050    9036.847
       0.055    9810.929
       0.060   10508.707
       0.065   11109.847
       0.070   11605.254
       0.075   11997.786
       0.080   12299.565
       0.085   12528.179
       0.090   12702.607
       0.095   12840.018
       0.100   12953.873
       0.105   13053.308
       0.110   13143.512
       0.115   13226.679
       0.120   13303.167
       0.125   13372.531
       0.130   13434.304
       0.135   13488.436
       0.140   13535.435
       0.145   13576.282
       0.150   13612.231
       0.155   13644.559
       0.160   13674.366
       0.165   13702.449
       0.170   13729.253
       0.175   13754.901
       0.180   13779.276
       0.185   13802.124
       0.190   13823.165
       0.195   13842.179
       0.200   13859.070
       0.205   13873.887
       0.210   13886.820
       0.215   13898.164
       0.220   13908.266
       0.225   13917.475
       0.230   13926.098
       0.235   13934.367
       0.240   13942.436
       0.245   13950.369
       0.250   13958.150
       0.255   13965.697
       0.260   13972.884
       0.265   13979.570
       0.270   13985.619
       0.275   13990.926
       0.280   13995.428
       0.285   13999.115
       0.290   14002.035
       0.295   14004.286
       0.300   14006.001
       0.305   14007.319
       0.310   14008.356
       0.315   14009.192
       0.320   14009.874
       0.325   14010.428
       0.330   14010.867
       0.335   14011.197
       0.340   14011.412
       0.345   14011.492
       0.350   14011.408
       0.355   14011.122
       0.360   14010.595
       0.365   14009.812
       0.370   14008.782
       0.375   14007.401
       0.380   14005.859
       0.385   14004.568
       0.390   14002.252
       0.395   14000.609
       0.400   13998.164
       0.405   13996.778
       0.410   13994.176
       0.415   13990.411
       0.420   13986.195
       0.425   13983.451
       0.430   13980.033
       0.435   13976.901
       0.440   13972.510
       0.445   13968.644
       0.450   13964.064
       0.455   13958.934
       0.460   13954.120
       0.465   13948.566
       0.470   13943.212
       0.475   13937.221
       0.480   13931.180
       0.485   13924.782
       0.490   13918.190
       0.495   13911.264
       0.500   13904.162
       0.505   13896.730
       0.510   13889.090
       0.515   13881.117
       0.520   13872.919
       0.525   13864.425
       0.530   13855.779
       0.535   13846.719
       0.540   13837.554
       0.545   13828.024
       0.550   13818.322
       0.555   13808.303
       0.560   13798.103
       0.565   13787.596
       0.570   13776.896
       0.575   13765.912
       0.580   13754.753
       0.585   13743.313
       0.590   13731.734
       0.595   13720.000
       0.600   13707.917
       0.605   13695.751
       0.610   13683.305
       0.615   13670.805
       0.620   13657.948
       0.625   13645.076
       0.630   13631.952
       0.635   13618.766
       0.640   13605.387
       0.645   13591.941
       0.650   13578.306
       0.655   13564.628
       0.660   13550.758
       0.665   13536.852
       0.670   13522.825
       0.675   13508.739
       0.680   13494.563
       0.685   13480.299
       0.690   13465.965
       0.695   13451.566
       0.700   13437.557
       0.705   13423.028
       0.710   13408.402
       0.715   13393.980
       0.720   13379.168
       0.725   13364.587
       0.730   13349.723
       0.735   13335.096
       0.740   13320.198
       0.745   13305.403
       0.750   13290.424
       0.755   13275.516
       0.760   13260.372
       0.765   13245.415
       0.770   13230.263
       0.775   13215.266
       0.780   13199.942
       0.785   13184.811
       0.790   13169.360
       0.795   13154.238
       0.800   13138.728
       0.805   13123.545
       0.810   13107.904
       0.815   13092.626
       0.820   13076.939
       0.825   13061.550
       0.830   13045.692
       0.835   13030.058
       0.840   13014.269
       0.845   12998.524
       0.850   12982.641
       0.855   12966.692
       0.860   12950.882
       0.865   12934.798
       0.870   12918.697
       0.875   12902.530
       0.880   12886.519
       0.885   12870.149
       0.890   12853.818
       0.895   12837.303
       0.900   12820.894
       0.905   12804.361
       0.910   12787.672
       0.915   12770.998
       0.920   12754.299
       0.925   12737.350
       0.930   12720.550
       0.935   12703.322
       0.940   12686.275
       0.945   12668.955
       0.950   12653.485
       0.955   12635.587
       0.960   12618.345
       0.965   12600.544
       0.970   12581.282
       0.975   12563.562
       0.980   12547.315
       0.985   12528.786
       0.990   12510.923
       0.995   12491.977
       1.000   12473.860
