 
       0.005     937.648
       0.010    1874.265
       0.015    2809.853
       0.020    3744.414
       0.025    4677.950
       0.030    5610.461
       0.035    6541.950
       0.040    7472.417
       0.045    8213.375
       0.050    9036.725
       0.055    9810.628
       0.060   10507.982
       0.065   11108.342
       0.070   11602.329
       0.075   11992.806
       0.080   12291.883
       0.085   12517.281
       0.090   12688.170
       0.095   12821.864
       0.100   12931.922
       0.105   13027.508
       0.110   13113.790
       0.115   13192.927
       0.120   13265.240
       0.125   13330.274
       0.130   13387.572
       0.135   13437.111
       0.140   13479.438
       0.145   13515.572
       0.150   13546.792
       0.155   13574.387
       0.160   13599.457
       0.165   13622.780
       0.170   13644.783
       0.175   13665.572
       0.180   13685.014
       0.185   13702.849
       0.190   13718.796
       0.195   13732.642
       0.200   13744.301
       0.205   13753.837
       0.210   13761.464
       0.215   13767.509
       0.220   13772.357
       0.225   13776.370
       0.230   13779.829
       0.235   13782.917
       0.240   13785.736
       0.245   13788.319
       0.250   13790.628
       0.255   13792.542
       0.260   13793.852
       0.265   13794.181
       0.270   13792.530
       0.275   13788.949
       0.280   13783.072
       0.285   13777.661
       0.290   13770.665
       0.295   13762.638
       0.300   13753.477
       0.305   13743.270
       0.310   13732.155
       0.315   13720.202
       0.320   13707.263
       0.325   13693.232
       0.330   13678.181
       0.335   13662.228
       0.340   13645.419
       0.345   13627.761
       0.350   13609.288
       0.355   13590.023
       0.360   13569.947
       0.365   13549.035
       0.370   13527.370
       0.375   13505.051
       0.380   13482.187
       0.385   13458.726
       0.390   13434.762
       0.395   13410.266
       0.400   13385.358
       0.405   13360.009
       0.410   13334.391
       0.415   13308.526
       0.420   13282.451
       0.425   13256.210
       0.430   13229.839
       0.435   13203.387
       0.440   13176.890
       0.445   13150.414
       0.450   13124.280
       0.455   13098.010
       0.460   13072.209
       0.465   13046.167
       0.470   13020.351
       0.475   12994.678
       0.480   12969.130
       0.485   12943.700
       0.490   12918.349
       0.495   12893.557
       0.500   12868.652
       0.505   12844.176
       0.510   12819.467
       0.515   12795.569
       0.520   12771.262
       0.525   12747.512
       0.530   12723.794
       0.535   12700.431
       0.540   12677.168
       0.545   12654.109
       0.550   12631.207
       0.555   12608.491
       0.560   12585.898
       0.565   12563.525
       0.570   12541.259
       0.575   12519.118
       0.580   12497.099
       0.585   12477.319
       0.590   12454.726
       0.595   12433.381
       0.600   12411.328
       0.605   12390.362
       0.610   12368.451
       0.615   12347.728
       0.620   12326.021
       0.625   12305.203
       0.630   12283.489
       0.635   12262.639
       0.640   12241.261
       0.645   12220.517
       0.650   12199.021
       0.655   12178.093
       0.660   12156.724
       0.665   12135.692
       0.670   12114.317
       0.675   12093.231
       0.680   12071.716
       0.685   12049.910
       0.690   12028.197
       0.695   12006.768
       0.700   11984.825
       0.705   11962.901
       0.710   11940.839
       0.715   11917.211
       0.720   11896.689
       0.725   11873.508
       0.730   11850.948
       0.735   11827.936
       0.740   11804.969
       0.745   11781.385
       0.750   11757.709
       0.755   11733.839
       0.760   11709.721
       0.765   11685.392
       0.770   11660.674
       0.775   11635.903
       0.780   11610.731
       0.785   11584.941
       0.790   11558.781
       0.795   11532.489
       0.800   11505.897
       0.805   11478.572
       0.810   11451.377
       0.815   11423.914
       0.820   11395.882
       0.825   11367.136
       0.830   11338.259
       0.835   11309.145
       0.840   11279.404
       0.845   11249.638
       0.850   11219.122
       0.855   11188.480
       0.860   11157.245
       0.865   11125.571
       0.870   11093.531
       0.875   11061.199
       0.880   11028.344
       0.885   10995.177
       0.890   10961.400
       0.895   10927.534
       0.900   10892.964
       0.905   10858.103
       0.910   10822.921
       0.915   10787.167
       0.920   10750.863
       0.925   10714.465
       0.930   10677.341
       0.935   10639.999
       0.940   10602.144
       0.945   10564.047
       0.950   10525.443
       0.955   10486.747
       0.960   10447.559
       0.965   10408.240
       0.970   10368.499
       0.975   10328.571
       0.980   10288.091
       0.985   10247.422
       0.990   10206.664
       0.995   10165.617
       1.000   10124.516
