 
       0.005     937.648
       0.010    1874.265
       0.015    2809.853
       0.020    3744.414
       0.025    4677.950
       0.030    5610.461
       0.035    6541.950
       0.040    7472.417
       0.045    8213.408
       0.050    9036.804
       0.055    9810.823
       0.060   10508.449
       0.065   11109.315
       0.070   11604.218
       0.075   11996.023
       0.080   12296.849
       0.085   12524.327
       0.090   12697.509
       0.095   12833.613
       0.100   12946.134
       0.105   13044.219
       0.110   13133.050
       0.115   13214.808
       0.120   13289.839
       0.125   13357.694
       0.130   13417.911
       0.135   13470.447
       0.140   13515.825
       0.145   13555.040
       0.150   13589.354
       0.155   13620.049
       0.160   13648.225
       0.165   13674.671
       0.170   13699.828
       0.175   13723.813
       0.180   13746.503
       0.185   13767.642
       0.190   13786.951
       0.195   13804.213
       0.200   13819.336
       0.205   13832.376
       0.210   13843.530
       0.215   13853.102
       0.220   13861.444
       0.225   13868.908
       0.230   13875.791
       0.235   13882.319
       0.240   13888.635
       0.245   13894.799
       0.250   13900.792
       0.255   13906.531
       0.260   13911.887
       0.265   13916.714
       0.270   13920.870
       0.275   13924.236
       0.280   13926.733
       0.285   13928.338
       0.290   13929.101
       0.295   13929.164
       0.300   13928.740
       0.305   13927.630
       0.310   13927.097
       0.315   13925.725
       0.320   13924.027
       0.325   13922.530
       0.330   13920.145
       0.335   13917.448
       0.340   13913.549
       0.345   13911.144
       0.350   13901.361
       0.355   13902.890
       0.360   13898.312
       0.365   13893.250
       0.370   13887.846
       0.375   13882.365
       0.380   13876.411
       0.385   13870.049
       0.390   13863.368
       0.395   13856.500
       0.400   13849.234
       0.405   13841.586
       0.410   13833.693
       0.415   13825.452
       0.420   13816.977
       0.425   13808.161
       0.430   13799.105
       0.435   13789.768
       0.440   13780.227
       0.445   13770.453
       0.450   13760.505
       0.455   13750.247
       0.460   13739.825
       0.465   13729.116
       0.470   13718.302
       0.475   13707.237
       0.480   13696.065
       0.485   13684.678
       0.490   13673.211
       0.495   13661.554
       0.500   13649.881
       0.505   13637.957
       0.510   13626.132
       0.515   13613.855
       0.520   13601.732
       0.525   13589.384
       0.530   13577.095
       0.535   13564.632
       0.540   13552.197
       0.545   13539.638
       0.550   13527.090
       0.555   13514.420
       0.560   13501.758
       0.565   13489.033
       0.570   13476.287
       0.575   13463.514
       0.580   13450.720
       0.585   13437.898
       0.590   13425.039
       0.595   13412.163
       0.600   13399.245
       0.605   13386.324
       0.610   13373.351
       0.615   13360.387
       0.620   13347.997
       0.625   13334.824
       0.630   13321.792
       0.635   13309.031
       0.640   13295.797
       0.645   13282.839
       0.650   13269.596
       0.655   13256.627
       0.660   13243.377
       0.665   13230.237
       0.670   13216.958
       0.675   13203.818
       0.680   13190.451
       0.685   13177.211
       0.690   13163.731
       0.695   13150.448
       0.700   13136.923
       0.705   13123.416
       0.710   13109.835
       0.715   13096.305
       0.720   13082.597
       0.725   13068.963
       0.730   13055.092
       0.735   13041.452
       0.740   13027.424
       0.745   13013.703
       0.750   12999.507
       0.755   12985.653
       0.760   12971.312
       0.765   12957.017
       0.770   12942.886
       0.775   12928.530
       0.780   12914.156
       0.785   12899.727
       0.790   12885.114
       0.795   12870.563
       0.800   12855.789
       0.805   12840.998
       0.810   12826.105
       0.815   12811.142
       0.820   12795.890
       0.825   12780.831
       0.830   12765.428
       0.835   12750.240
       0.840   12734.643
       0.845   12719.160
       0.850   12703.421
       0.855   12687.619
       0.860   12671.735
       0.865   12655.637
       0.870   12639.599
       0.875   12623.185
       0.880   12606.781
       0.885   12590.202
       0.890   12573.631
       0.895   12556.717
       0.900   12539.884
       0.905   12522.756
       0.910   12505.568
       0.915   12488.120
       0.920   12470.772
       0.925   12452.852
       0.930   12435.212
       0.935   12417.034
       0.940   12399.068
       0.945   12380.500
       0.950   12362.094
       0.955   12343.312
       0.960   12324.538
       0.965   12305.398
       0.970   12286.309
       0.975   12266.776
       0.980   12247.226
       0.985   12227.280
       0.990   12207.163
       0.995   12186.923
       1.000   12166.378
