 
       0.005     937.648
       0.010    1874.265
       0.015    2809.853
       0.020    3744.414
       0.025    4677.950
       0.030    5610.461
       0.035    6541.950
       0.040    7472.417
       0.045    8213.425
       0.050    9036.843
       0.055    9810.919
       0.060   10508.683
       0.065   11109.797
       0.070   11605.159
       0.075   11997.627
       0.080   12299.322
       0.085   12527.838
       0.090   12702.160
       0.095   12839.464
       0.100   12953.213
       0.105   13052.543
       0.110   13142.642
       0.115   13225.706
       0.120   13302.091
       0.125   13371.351
       0.130   13433.020
       0.135   13487.049
       0.140   13533.947
       0.145   13574.699
       0.150   13610.555
       0.155   13642.795
       0.160   13672.520
       0.165   13700.525
       0.170   13727.255
       0.175   13752.833
       0.180   13777.141
       0.185   13799.927
       0.190   13820.909
       0.195   13839.870
       0.200   13856.711
       0.205   13871.486
       0.210   13884.381
       0.215   13895.693
       0.220   13905.771
       0.225   13914.962
       0.230   13923.572
       0.235   13931.836
       0.240   13939.905
       0.245   13947.844
       0.250   13955.637
       0.255   13963.203
       0.260   13970.417
       0.265   13977.136
       0.270   13983.227
       0.275   13988.584
       0.280   13993.145
       0.285   13996.901
       0.290   13999.901
       0.295   14002.242
       0.300   14004.056
       0.305   14005.477
       0.310   14006.622
       0.315   14007.569
       0.320   14008.367
       0.325   14009.046
       0.330   14009.622
       0.335   14010.103
       0.340   14010.488
       0.345   14010.763
       0.350   14010.899
       0.355   14010.864
       0.360   14010.627
       0.365   14010.170
       0.370   14009.497
       0.375   14008.638
       0.380   14007.636
       0.385   14006.527
       0.390   14005.331
       0.395   14004.046
       0.400   14002.331
       0.405   14000.966
       0.410   13998.926
       0.415   13996.970
       0.420   13994.822
       0.425   13991.597
       0.430   13990.378
       0.435   13986.662
       0.440   13984.323
       0.445   13974.952
       0.450   13978.044
       0.455   13974.984
       0.460   13971.020
       0.465   13967.502
       0.470   13964.714
       0.475   13959.754
       0.480   13956.354
       0.485   13951.952
       0.490   13947.517
       0.495   13942.809
       0.500   13938.735
       0.505   13933.579
       0.510   13929.142
       0.515   13923.719
       0.520   13918.690
       0.525   13913.371
       0.530   13907.994
       0.535   13902.168
       0.540   13896.537
       0.545   13890.614
       0.550   13884.728
       0.555   13878.548
       0.560   13872.500
       0.565   13866.134
       0.570   13859.803
       0.575   13853.223
       0.580   13846.673
       0.585   13839.873
       0.590   13833.115
       0.595   13826.128
       0.600   13819.208
       0.605   13811.996
       0.610   13804.886
       0.615   13797.496
       0.620   13790.190
       0.625   13782.660
       0.630   13775.181
       0.635   13767.500
       0.640   13759.843
       0.645   13751.987
       0.650   13744.156
       0.655   13736.138
       0.660   13728.137
       0.665   13719.958
       0.670   13711.813
       0.675   13703.496
       0.680   13695.206
       0.685   13686.822
       0.690   13678.282
       0.695   13669.767
       0.700   13661.073
       0.705   13652.407
       0.710   13643.552
       0.715   13634.710
       0.720   13625.749
       0.725   13616.751
       0.730   13607.650
       0.735   13598.515
       0.740   13589.255
       0.745   13580.014
       0.750   13570.589
       0.755   13561.210
       0.760   13551.657
       0.765   13542.107
       0.770   13532.384
       0.775   13522.675
       0.780   13512.796
       0.785   13502.950
       0.790   13492.928
       0.795   13484.701
       0.800   13472.967
       0.805   13462.994
       0.810   13452.526
       0.815   13442.342
       0.820   13431.678
       0.825   13421.349
       0.830   13411.238
       0.835   13400.478
       0.840   13389.725
       0.845   13378.905
       0.850   13367.971
       0.855   13356.960
       0.860   13346.183
       0.865   13334.825
       0.870   13323.796
       0.875   13312.164
       0.880   13301.053
       0.885   13289.095
       0.890   13277.666
       0.895   13265.679
       0.900   13254.275
       0.905   13241.917
       0.910   13230.250
       0.915   13217.883
       0.920   13205.970
       0.925   13193.504
       0.930   13181.329
       0.935   13168.676
       0.940   13156.331
       0.945   13143.493
       0.950   13130.967
       0.955   13117.959
       0.960   13105.564
       0.965   13091.861
       0.970   13079.014
       0.975   13065.523
       0.980   13052.516
       0.985   13038.725
       0.990   13025.417
       0.995   13011.516
       1.000   12997.927
