 
       0.005     937.648
       0.010    1874.265
       0.015    2809.853
       0.020    3744.414
       0.025    4677.950
       0.030    5610.461
       0.035    6541.950
       0.040    7472.417
       0.045    8213.432
       0.050    9036.860
       0.055    9810.960
       0.060   10508.780
       0.065   11110.004
       0.070   11605.554
       0.075   11998.299
       0.080   12300.358
       0.085   12529.308
       0.090   12704.108
       0.095   12841.914
       0.100   12956.176
       0.105   13056.026
       0.110   13146.655
       0.115   13230.264
       0.120   13307.213
       0.125   13377.059
       0.130   13439.333
       0.135   13493.984
       0.140   13541.515
       0.145   13582.905
       0.150   13619.403
       0.155   13652.285
       0.160   13682.653
       0.165   13711.304
       0.170   13738.685
       0.175   13764.923
       0.180   13789.901
       0.185   13813.367
       0.190   13835.041
       0.195   13854.701
       0.200   13872.251
       0.205   13887.738
       0.210   13901.349
       0.215   13913.376
       0.220   13924.166
       0.225   13934.067
       0.230   13943.387
       0.235   13952.363
       0.240   13961.150
       0.245   13969.814
       0.250   13978.340
       0.255   13986.647
       0.260   13994.611
       0.265   14002.091
       0.270   14008.951
       0.275   14015.089
       0.280   14020.442
       0.285   14025.002
       0.290   14028.812
       0.295   14031.962
       0.300   14034.570
       0.305   14036.762
       0.310   14038.651
       0.315   14040.325
       0.320   14041.843
       0.325   14043.251
       0.330   14044.577
       0.335   14045.836
       0.340   14047.031
       0.345   14048.147
       0.350   14049.158
       0.355   14050.033
       0.360   14050.739
       0.365   14051.255
       0.370   14051.569
       0.375   14051.690
       0.380   14051.641
       0.385   14051.452
       0.390   14051.154
       0.395   14050.770
       0.400   14050.315
       0.405   14049.793
       0.410   14049.203
       0.415   14048.539
       0.420   14047.794
       0.425   14046.956
       0.430   14046.014
       0.435   14044.954
       0.440   14043.764
       0.445   14042.434
       0.450   14040.781
       0.455   14039.050
       0.460   14037.289
       0.465   14034.903
       0.470   14033.610
       0.475   14031.207
       0.480   14029.410
       0.485   14026.604
       0.490   14024.202
       0.495   14022.036
       0.500   14015.098
       0.505   14016.385
       0.510   14013.090
       0.515   14010.011
       0.520   14006.267
       0.525   14004.745
       0.530   14000.314
       0.535   13997.189
       0.540   13992.854
       0.545   13989.157
       0.550   13984.621
       0.555   13980.965
       0.560   13975.985
       0.565   13971.564
       0.570   13966.608
       0.575   13961.659
       0.580   13956.312
       0.585   13951.061
       0.590   13945.477
       0.595   13939.764
       0.600   13933.796
       0.605   13927.674
       0.610   13921.267
       0.615   13914.692
       0.620   13907.885
       0.625   13900.712
       0.630   13893.351
       0.635   13885.761
       0.640   13877.824
       0.645   13869.676
       0.650   13861.123
       0.655   13852.340
       0.660   13843.133
       0.665   13833.656
       0.670   13823.718
       0.675   13813.423
       0.680   13802.645
       0.685   13791.467
       0.690   13779.781
       0.695   13767.652
       0.700   13754.957
       0.705   13741.758
       0.710   13727.941
       0.715   13713.658
       0.720   13698.476
       0.725   13682.807
       0.730   13666.256
       0.735   13649.120
       0.740   13631.053
       0.745   13612.274
       0.750   13592.638
       0.755   13572.156
       0.760   13550.748
       0.765   13528.454
       0.770   13505.224
       0.775   13482.809
       0.780   13456.668
       0.785   13429.454
       0.790   13402.228
       0.795   13374.669
       0.800   13345.415
       0.805   13315.608
       0.810   13285.026
       0.815   13253.676
       0.820   13221.205
       0.825   13188.307
       0.830   13154.939
       0.835   13120.811
       0.840   13086.493
       0.845   13051.665
       0.850   13016.489
       0.855   12981.006
       0.860   12945.266
       0.865   12913.100
       0.870   12876.013
       0.875   12839.359
       0.880   12802.428
       0.885   12765.069
       0.890   12728.290
       0.895   12691.086
       0.900   12653.216
       0.905   12615.684
       0.910   12577.357
       0.915   12539.205
       0.920   12500.669
       0.925   12461.725
       0.930   12423.224
       0.935   12383.735
       0.940   12344.784
       0.945   12305.155
       0.950   12265.542
       0.955   12225.800
       0.960   12185.922
       0.965   12145.441
       0.970   12105.018
       0.975   12064.425
       0.980   12023.768
       0.985   11982.537
       0.990   11941.225
       0.995   11900.129
       1.000   11858.110
