 
       0.005     937.648
       0.010    1874.265
       0.015    2809.853
       0.020    3744.414
       0.025    4677.950
       0.030    5610.461
       0.035    6541.950
       0.040    7472.417
       0.045    8213.432
       0.050    9036.860
       0.055    9810.959
       0.060   10508.778
       0.065   11109.999
       0.070   11605.545
       0.075   11998.284
       0.080   12300.335
       0.085   12529.275
       0.090   12704.064
       0.095   12841.858
       0.100   12956.108
       0.105   13055.945
       0.110   13146.562
       0.115   13230.158
       0.120   13307.093
       0.125   13376.925
       0.130   13439.184
       0.135   13493.821
       0.140   13541.335
       0.145   13582.710
       0.150   13619.191
       0.155   13652.057
       0.160   13682.409
       0.165   13711.043
       0.170   13738.407
       0.175   13764.628
       0.180   13789.588
       0.185   13813.037
       0.190   13834.691
       0.195   13854.333
       0.200   13871.864
       0.205   13887.332
       0.210   13900.923
       0.215   13912.931
       0.220   13923.701
       0.225   13933.582
       0.230   13942.883
       0.235   13951.839
       0.240   13960.606
       0.245   13969.249
       0.250   13977.755
       0.255   13986.041
       0.260   13993.984
       0.265   14001.441
       0.270   14008.280
       0.275   14014.396
       0.280   14019.727
       0.285   14024.264
       0.290   14028.051
       0.295   14031.178
       0.300   14033.763
       0.305   14035.934
       0.310   14037.802
       0.315   14039.455
       0.320   14040.953
       0.325   14042.340
       0.330   14043.644
       0.335   14044.882
       0.340   14046.054
       0.345   14047.148
       0.350   14048.136
       0.355   14048.988
       0.360   14049.671
       0.365   14050.162
       0.370   14050.453
       0.375   14050.551
       0.380   14050.479
       0.385   14050.269
       0.390   14049.952
       0.395   14049.549
       0.400   14049.076
       0.405   14048.536
       0.410   14047.929
       0.415   14047.248
       0.420   14046.484
       0.425   14045.628
       0.430   14044.667
       0.435   14043.586
       0.440   14042.376
       0.445   14041.027
       0.450   14039.391
       0.455   14037.532
       0.460   14035.758
       0.465   14033.324
       0.470   14031.849
       0.475   14029.697
       0.480   14027.818
       0.485   14025.380
       0.490   14022.784
       0.495   14020.986
       0.500   14013.563
       0.505   14014.655
       0.510   14011.979
       0.515   14007.784
       0.520   14005.338
       0.525   14001.973
       0.530   13999.445
       0.535   13996.436
       0.540   13992.057
       0.545   13988.934
       0.550   13984.203
       0.555   13980.651
       0.560   13975.925
       0.565   13971.835
       0.570   13967.242
       0.575   13963.005
       0.580   13958.184
       0.585   13953.324
       0.590   13948.203
       0.595   13943.115
       0.600   13937.654
       0.605   13932.415
       0.610   13926.756
       0.615   13921.071
       0.620   13915.386
       0.625   13909.216
       0.630   13903.129
       0.635   13896.797
       0.640   13890.450
       0.645   13883.849
       0.650   13877.219
       0.655   13870.331
       0.660   13863.430
       0.665   13856.246
       0.670   13849.058
       0.675   13841.580
       0.680   13834.099
       0.685   13826.316
       0.690   13818.521
       0.695   13810.461
       0.700   13802.358
       0.705   13794.027
       0.710   13785.662
       0.715   13777.029
       0.720   13768.382
       0.725   13759.464
       0.730   13750.516
       0.735   13741.310
       0.740   13732.063
       0.745   13722.680
       0.750   13713.028
       0.755   13703.397
       0.760   13693.465
       0.765   13683.565
       0.770   13673.366
       0.775   13663.206
       0.780   13652.775
       0.785   13642.357
       0.790   13631.660
       0.795   13621.016
       0.800   13610.073
       0.805   13599.166
       0.810   13587.991
       0.815   13576.833
       0.820   13565.469
       0.825   13554.131
       0.830   13542.532
       0.835   13530.965
       0.840   13519.207
       0.845   13507.440
       0.850   13495.939
       0.855   13484.347
       0.860   13471.786
       0.865   13459.978
       0.870   13447.803
       0.875   13435.400
       0.880   13423.079
       0.885   13410.018
       0.890   13397.793
       0.895   13384.631
       0.900   13372.114
       0.905   13358.876
       0.910   13346.537
       0.915   13332.815
       0.920   13320.296
       0.925   13306.722
       0.930   13293.774
       0.935   13279.994
       0.940   13266.343
       0.945   13253.130
       0.950   13239.268
       0.955   13225.747
       0.960   13211.792
       0.965   13197.966
       0.970   13183.831
       0.975   13169.977
       0.980   13155.630
       0.985   13141.306
       0.990   13127.023
       0.995   13112.675
       1.000   13098.001
