 
       0.005     937.648
       0.010    1874.265
       0.015    2809.853
       0.020    3744.414
       0.025    4677.950
       0.030    5610.461
       0.035    6541.950
       0.040    7472.417
       0.045    8213.431
       0.050    9036.858
       0.055    9810.955
       0.060   10508.768
       0.065   11109.978
       0.070   11605.506
       0.075   11998.215
       0.080   12300.229
       0.085   12529.123
       0.090   12703.862
       0.095   12841.602
       0.100   12955.796
       0.105   13055.575
       0.110   13146.133
       0.115   13229.666
       0.120   13306.535
       0.125   13376.298
       0.130   13438.484
       0.135   13493.045
       0.140   13540.481
       0.145   13581.775
       0.150   13618.174
       0.155   13650.955
       0.160   13681.221
       0.165   13709.768
       0.170   13737.042
       0.175   13763.171
       0.180   13788.036
       0.185   13811.385
       0.190   13832.938
       0.195   13852.475
       0.200   13869.898
       0.205   13885.255
       0.210   13898.733
       0.215   13910.625
       0.220   13921.278
       0.225   13931.041
       0.230   13940.220
       0.235   13949.053
       0.240   13957.692
       0.245   13966.206
       0.250   13974.577
       0.255   13982.726
       0.260   13990.526
       0.265   13997.838
       0.270   14004.526
       0.275   14010.485
       0.280   14015.655
       0.285   14020.027
       0.290   14023.643
       0.295   14026.596
       0.300   14029.007
       0.305   14031.004
       0.310   14032.701
       0.315   14034.182
       0.320   14035.507
       0.325   14036.716
       0.330   14037.835
       0.335   14038.878
       0.340   14039.846
       0.345   14040.723
       0.350   14041.485
       0.355   14042.099
       0.360   14042.531
       0.365   14042.760
       0.370   14042.779
       0.375   14042.598
       0.380   14042.247
       0.385   14041.759
       0.390   14041.166
       0.395   14040.489
       0.400   14039.737
       0.405   14038.906
       0.410   14037.987
       0.415   14036.963
       0.420   14035.812
       0.425   14034.508
       0.430   14032.869
       0.435   14030.951
       0.440   14028.915
       0.445   14026.404
       0.450   14024.140
       0.455   14022.386
       0.460   14019.621
       0.465   14017.164
       0.470   14009.054
       0.475   14011.446
       0.480   14008.438
       0.485   14004.101
       0.490   14001.914
       0.495   13997.590
       0.500   13994.301
       0.505   13989.715
       0.510   13985.685
       0.515   13980.894
       0.520   13976.734
       0.525   13971.524
       0.530   13966.447
       0.535   13961.139
       0.540   13955.606
       0.545   13949.681
       0.550   13943.702
       0.555   13937.427
       0.560   13930.958
       0.565   13924.196
       0.570   13917.265
       0.575   13910.027
       0.580   13902.595
       0.585   13894.839
       0.590   13886.896
       0.595   13878.508
       0.600   13869.950
       0.605   13861.023
       0.610   13851.888
       0.615   13842.373
       0.620   13832.629
       0.625   13822.492
       0.630   13812.104
       0.635   13801.343
       0.640   13790.308
       0.645   13778.893
       0.650   13767.171
       0.655   13755.069
       0.660   13742.642
       0.665   13729.857
       0.670   13716.748
       0.675   13703.291
       0.680   13689.524
       0.685   13675.372
       0.690   13660.953
       0.695   13646.078
       0.700   13631.023
       0.705   13615.495
       0.710   13599.791
       0.715   13583.677
       0.720   13567.356
       0.725   13550.686
       0.730   13533.814
       0.735   13516.640
       0.740   13499.246
       0.745   13481.622
       0.750   13464.206
       0.755   13445.930
       0.760   13427.786
       0.765   13409.439
       0.770   13390.867
       0.775   13372.217
       0.780   13353.481
       0.785   13334.294
       0.790   13315.392
       0.795   13296.079
       0.800   13277.063
       0.805   13257.373
       0.810   13238.044
       0.815   13218.337
       0.820   13198.897
       0.825   13179.054
       0.830   13159.376
       0.835   13139.497
       0.840   13119.700
       0.845   13099.634
       0.850   13079.727
       0.855   13059.465
       0.860   13039.553
       0.865   13019.233
       0.870   12999.047
       0.875   12978.685
       0.880   12958.423
       0.885   12937.961
       0.890   12917.605
       0.895   12897.091
       0.900   12876.604
       0.905   12856.016
       0.910   12835.424
       0.915   12814.722
       0.920   12793.992
       0.925   12773.200
       0.930   12752.331
       0.935   12731.384
       0.940   12710.518
       0.945   12689.510
       0.950   12668.529
       0.955   12649.012
       0.960   12628.105
       0.965   12606.266
       0.970   12585.872
       0.975   12563.425
       0.980   12542.399
       0.985   12520.635
       0.990   12499.451
       0.995   12477.680
       1.000   12456.169
