 
       0.005     937.648
       0.010    1874.265
       0.015    2809.853
       0.020    3744.414
       0.025    4677.950
       0.030    5610.461
       0.035    6541.950
       0.040    7472.417
       0.045    8213.417
       0.050    9036.824
       0.055    9810.871
       0.060   10508.568
       0.065   11109.554
       0.070   11604.690
       0.075   11996.824
       0.080   12298.076
       0.085   12526.058
       0.090   12699.786
       0.095   12836.454
       0.100   12949.546
       0.105   13048.199
       0.110   13137.599
       0.115   13219.934
       0.120   13295.553
       0.125   13364.009
       0.130   13424.836
       0.135   13477.987
       0.140   13523.980
       0.145   13563.802
       0.150   13598.712
       0.155   13629.990
       0.160   13658.737
       0.165   13685.744
       0.170   13711.452
       0.175   13735.982
       0.180   13759.212
       0.185   13780.886
       0.190   13800.724
       0.195   13818.508
       0.200   13834.144
       0.205   13847.684
       0.210   13859.322
       0.215   13869.360
       0.220   13878.149
       0.225   13886.039
       0.230   13893.330
       0.235   13900.251
       0.240   13906.947
       0.245   13913.478
       0.250   13919.826
       0.255   13925.907
       0.260   13931.593
       0.265   13936.737
       0.270   13941.196
       0.275   13944.853
       0.280   13947.631
       0.285   13949.502
       0.290   13950.511
       0.295   13950.786
       0.300   13950.521
       0.305   13949.904
       0.310   13948.957
       0.315   13947.959
       0.320   13945.921
       0.325   13944.057
       0.330   13942.220
       0.335   13939.126
       0.340   13934.838
       0.345   13931.489
       0.350   13927.301
       0.355   13921.520
       0.360   13916.542
       0.365   13910.095
       0.370   13903.300
       0.375   13895.885
       0.380   13887.990
       0.385   13879.479
       0.390   13870.370
       0.395   13860.538
       0.400   13850.032
       0.405   13838.824
       0.410   13826.906
       0.415   13814.243
       0.420   13800.819
       0.425   13786.639
       0.430   13771.718
       0.435   13756.026
       0.440   13739.499
       0.445   13722.130
       0.450   13703.903
       0.455   13684.842
       0.460   13664.945
       0.465   13644.234
       0.470   13622.766
       0.475   13600.398
       0.480   13577.220
       0.485   13553.273
       0.490   13528.540
       0.495   13503.080
       0.500   13476.908
       0.505   13450.106
       0.510   13422.703
       0.515   13394.746
       0.520   13366.262
       0.525   13337.306
       0.530   13308.202
       0.535   13278.490
       0.540   13248.630
       0.545   13218.400
       0.550   13187.963
       0.555   13157.298
       0.560   13126.692
       0.565   13095.709
       0.570   13064.769
       0.575   13033.810
       0.580   13003.126
       0.585   12972.032
       0.590   12941.441
       0.595   12910.476
       0.600   12879.871
       0.605   12849.207
       0.610   12818.752
       0.615   12788.307
       0.620   12757.989
       0.625   12727.850
       0.630   12697.758
       0.635   12667.816
       0.640   12640.408
       0.645   12610.204
       0.650   12580.620
       0.655   12551.114
       0.660   12521.782
       0.665   12492.283
       0.670   12463.384
       0.675   12434.195
       0.680   12405.623
       0.685   12376.725
       0.690   12348.321
       0.695   12319.609
       0.700   12291.420
       0.705   12263.055
       0.710   12235.095
       0.715   12206.753
       0.720   12178.915
       0.725   12150.955
       0.730   12123.262
       0.735   12095.283
       0.740   12067.705
       0.745   12039.984
       0.750   12012.222
       0.755   11984.555
       0.760   11956.701
       0.765   11929.116
       0.770   11901.453
       0.775   11873.559
       0.780   11845.767
       0.785   11817.893
       0.790   11789.947
       0.795   11761.960
       0.800   11733.656
       0.805   11705.471
       0.810   11676.899
       0.815   11648.039
       0.820   11618.950
       0.825   11589.983
       0.830   11560.721
       0.835   11531.351
       0.840   11501.769
       0.845   11471.485
       0.850   11441.156
       0.855   11410.323
       0.860   11379.508
       0.865   11348.417
       0.870   11317.109
       0.875   11285.386
       0.880   11253.352
       0.885   11220.958
       0.890   11188.253
       0.895   11155.290
       0.900   11121.992
       0.905   11088.335
       0.910   11054.314
       0.915   11019.938
       0.920   10985.328
       0.925   10950.337
       0.930   10914.918
       0.935   10879.144
       0.940   10842.923
       0.945   10806.282
       0.950   10769.443
       0.955   10732.153
       0.960   10694.489
       0.965   10656.717
       0.970   10618.217
       0.975   10579.596
       0.980   10540.836
       0.985   10501.513
       0.990   10462.081
       0.995   10422.345
       1.000   10382.153
