 
       0.005     937.648
       0.010    1874.265
       0.015    2809.853
       0.020    3744.414
       0.025    4677.950
       0.030    5610.461
       0.035    6541.950
       0.040    7472.417
       0.045    8213.432
       0.050    9036.858
       0.055    9810.956
       0.060   10508.771
       0.065   11109.985
       0.070   11605.519
       0.075   11998.238
       0.080   12300.264
       0.085   12529.174
       0.090   12703.929
       0.095   12841.687
       0.100   12955.900
       0.105   13055.699
       0.110   13146.276
       0.115   13229.830
       0.120   13306.721
       0.125   13376.507
       0.130   13438.718
       0.135   13493.303
       0.140   13540.766
       0.145   13582.086
       0.150   13618.513
       0.155   13651.322
       0.160   13681.617
       0.165   13710.193
       0.170   13737.497
       0.175   13763.656
       0.180   13788.553
       0.185   13811.935
       0.190   13833.522
       0.195   13853.094
       0.200   13870.552
       0.205   13885.946
       0.210   13899.462
       0.215   13911.393
       0.220   13922.085
       0.225   13931.887
       0.230   13941.107
       0.235   13949.981
       0.240   13958.663
       0.245   13967.219
       0.250   13975.635
       0.255   13983.830
       0.260   13991.678
       0.265   13999.038
       0.270   14005.776
       0.275   14011.788
       0.280   14017.012
       0.285   14021.438
       0.290   14025.112
       0.295   14028.122
       0.300   14030.592
       0.305   14032.647
       0.310   14034.401
       0.315   14035.939
       0.320   14037.322
       0.325   14038.590
       0.330   14039.771
       0.335   14040.879
       0.340   14041.915
       0.345   14042.865
       0.350   14043.702
       0.355   14044.396
       0.360   14044.913
       0.365   14045.231
       0.370   14045.342
       0.375   14045.256
       0.380   14044.999
       0.385   14044.606
       0.390   14044.107
       0.395   14043.524
       0.400   14042.868
       0.405   14042.139
       0.410   14041.331
       0.415   14040.432
       0.420   14039.426
       0.425   14038.294
       0.430   14037.012
       0.435   14035.484
       0.440   14033.678
       0.445   14031.509
       0.450   14029.160
       0.455   14027.420
       0.460   14024.941
       0.465   14023.295
       0.470   14020.603
       0.475   14018.103
       0.480   14009.588
       0.485   14011.846
       0.490   14008.517
       0.495   14004.107
       0.500   14002.879
       0.505   13998.407
       0.510   13995.182
       0.515   13990.968
       0.520   13986.542
       0.525   13982.752
       0.530   13978.436
       0.535   13973.476
       0.540   13968.835
       0.545   13963.631
       0.550   13958.451
       0.555   13952.894
       0.560   13947.339
       0.565   13941.400
       0.570   13935.387
       0.575   13929.105
       0.580   13922.753
       0.585   13916.020
       0.590   13909.189
       0.595   13902.134
       0.600   13894.887
       0.605   13887.152
       0.610   13879.406
       0.615   13871.323
       0.620   13863.117
       0.625   13854.546
       0.630   13845.852
       0.635   13836.793
       0.640   13827.593
       0.645   13818.042
       0.650   13808.325
       0.655   13798.262
       0.660   13788.005
       0.665   13777.382
       0.670   13766.566
       0.675   13755.515
       0.680   13744.087
       0.685   13732.476
       0.690   13720.521
       0.695   13708.400
       0.700   13695.896
       0.705   13683.239
       0.710   13670.249
       0.715   13657.095
       0.720   13643.574
       0.725   13629.910
       0.730   13615.941
       0.735   13601.833
       0.740   13587.386
       0.745   13572.835
       0.750   13558.009
       0.755   13543.056
       0.760   13527.832
       0.765   13512.508
       0.770   13496.955
       0.775   13481.800
       0.780   13465.721
       0.785   13449.904
       0.790   13433.665
       0.795   13417.534
       0.800   13401.120
       0.805   13384.751
       0.810   13368.083
       0.815   13351.478
       0.820   13334.618
       0.825   13317.852
       0.830   13300.749
       0.835   13283.804
       0.840   13266.502
       0.845   13249.572
       0.850   13232.134
       0.855   13214.984
       0.860   13197.384
       0.865   13180.059
       0.870   13162.298
       0.875   13144.861
       0.880   13127.015
       0.885   13109.496
       0.890   13091.439
       0.895   13073.770
       0.900   13055.696
       0.905   13037.808
       0.910   13019.631
       0.915   13001.553
       0.920   12983.311
       0.925   12965.072
       0.930   12946.764
       0.935   12928.356
       0.940   12909.957
       0.945   12893.727
       0.950   12874.671
       0.955   12855.737
       0.960   12837.090
       0.965   12818.271
       0.970   12799.452
       0.975   12780.354
       0.980   12761.596
       0.985   12742.432
       0.990   12723.463
       0.995   12703.675
       1.000   12684.979
