 
       0.005     937.648
       0.010    1874.265
       0.015    2809.853
       0.020    3744.414
       0.025    4677.950
       0.030    5610.461
       0.035    6541.950
       0.040    7472.417
       0.045    8213.432
       0.050    9036.860
       0.055    9810.960
       0.060   10508.781
       0.065   11110.005
       0.070   11605.558
       0.075   11998.305
       0.080   12300.367
       0.085   12529.321
       0.090   12704.126
       0.095   12841.936
       0.100   12956.203
       0.105   13056.058
       0.110   13146.694
       0.115   13230.308
       0.120   13307.263
       0.125   13377.116
       0.130   13439.397
       0.135   13494.056
       0.140   13541.595
       0.145   13582.993
       0.150   13619.500
       0.155   13652.390
       0.160   13682.767
       0.165   13711.428
       0.170   13738.819
       0.175   13765.067
       0.180   13790.056
       0.185   13813.533
       0.190   13835.218
       0.195   13854.891
       0.200   13872.454
       0.205   13887.954
       0.210   13901.579
       0.215   13913.620
       0.220   13924.424
       0.225   13934.340
       0.230   13943.676
       0.235   13952.668
       0.240   13961.471
       0.245   13970.153
       0.250   13978.697
       0.255   13987.023
       0.260   13995.006
       0.265   14002.506
       0.270   14009.388
       0.275   14015.548
       0.280   14020.924
       0.285   14025.508
       0.290   14029.344
       0.295   14032.520
       0.300   14035.154
       0.305   14037.374
       0.310   14039.290
       0.315   14040.990
       0.320   14042.537
       0.325   14043.974
       0.330   14045.330
       0.335   14046.622
       0.340   14047.851
       0.345   14049.003
       0.350   14050.053
       0.355   14050.969
       0.360   14051.719
       0.365   14052.280
       0.370   14052.643
       0.375   14052.814
       0.380   14052.816
       0.385   14052.679
       0.390   14052.432
       0.395   14052.101
       0.400   14051.698
       0.405   14051.230
       0.410   14050.697
       0.415   14050.095
       0.420   14049.417
       0.425   14048.654
       0.430   14047.798
       0.435   14046.836
       0.440   14045.759
       0.445   14044.557
       0.450   14043.231
       0.455   14041.441
       0.460   14040.254
       0.465   14038.115
       0.470   14035.952
       0.475   14034.082
       0.480   14033.238
       0.485   14031.260
       0.490   14028.775
       0.495   14026.212
       0.500   14023.950
       0.505   14021.360
       0.510   14014.474
       0.515   14015.222
       0.520   14012.634
       0.525   14009.638
       0.530   14003.298
       0.535   14003.514
       0.540   13994.633
       0.545   13996.949
       0.550   13993.766
       0.555   13989.665
       0.560   13986.620
       0.565   13982.382
       0.570   13978.406
       0.575   13974.162
       0.580   13969.886
       0.585   13965.099
       0.590   13961.178
       0.595   13956.306
       0.600   13951.808
       0.605   13946.686
       0.610   13941.931
       0.615   13936.636
       0.620   13931.531
       0.625   13926.196
       0.630   13920.583
       0.635   13915.121
       0.640   13909.202
       0.645   13903.422
       0.650   13897.361
       0.655   13891.320
       0.660   13885.011
       0.665   13878.714
       0.670   13872.128
       0.675   13865.567
       0.680   13858.725
       0.685   13851.913
       0.690   13844.784
       0.695   13837.700
       0.700   13830.279
       0.705   13822.884
       0.710   13815.214
       0.715   13807.543
       0.720   13799.598
       0.725   13791.636
       0.730   13783.438
       0.735   13775.207
       0.740   13766.679
       0.745   13758.126
       0.750   13749.326
       0.755   13740.463
       0.760   13731.374
       0.765   13722.214
       0.770   13712.919
       0.775   13703.342
       0.780   13693.808
       0.785   13683.931
       0.790   13674.114
       0.795   13663.928
       0.800   13653.788
       0.805   13643.356
       0.810   13632.939
       0.815   13622.179
       0.820   13611.483
       0.825   13600.453
       0.830   13589.495
       0.835   13578.200
       0.840   13566.983
       0.845   13555.443
       0.850   13543.979
       0.855   13532.190
       0.860   13520.434
       0.865   13508.461
       0.870   13496.680
       0.875   13485.619
       0.880   13472.698
       0.885   13460.271
       0.890   13448.107
       0.895   13435.278
       0.900   13422.911
       0.905   13409.664
       0.910   13396.767
       0.915   13383.697
       0.920   13370.426
       0.925   13357.725
       0.930   13343.955
       0.935   13331.071
       0.940   13317.162
       0.945   13304.008
       0.950   13289.890
       0.955   13276.401
       0.960   13262.254
       0.965   13248.638
       0.970   13234.240
       0.975   13220.349
       0.980   13205.878
       0.985   13191.916
       0.990   13177.169
       0.995   13162.729
       1.000   13148.089
