 
       0.005     937.648
       0.010    1874.265
       0.015    2809.853
       0.020    3744.414
       0.025    4677.950
       0.030    5610.461
       0.035    6541.950
       0.040    7472.417
       0.045    8213.377
       0.050    9036.729
       0.055    9810.639
       0.060   10508.008
       0.065   11108.402
       0.070   11602.450
       0.075   11993.028
       0.080   12292.252
       0.085   12517.844
       0.090   12688.973
       0.095   12822.949
       0.100   12933.325
       0.105   13029.265
       0.110   13115.938
       0.115   13195.508
       0.120   13268.300
       0.125   13333.862
       0.130   13391.738
       0.135   13441.905
       0.140   13484.908
       0.145   13521.764
       0.150   13553.747
       0.155   13582.147
       0.160   13608.061
       0.165   13632.272
       0.170   13655.207
       0.175   13676.976
       0.180   13697.450
       0.185   13716.371
       0.190   13733.460
       0.195   13748.506
       0.200   13761.422
       0.205   13772.275
       0.210   13781.273
       0.215   13788.732
       0.220   13795.019
       0.225   13800.484
       0.230   13805.415
       0.235   13810.015
       0.240   13814.413
       0.245   13818.662
       0.250   13822.738
       0.255   13826.555
       0.260   13829.979
       0.265   13832.843
       0.270   13834.972
       0.275   13836.183
       0.280   13836.291
       0.285   13834.848
       0.290   13832.210
       0.295   13830.123
       0.300   13827.619
       0.305   13824.110
       0.310   13821.116
       0.315   13812.128
       0.320   13813.349
       0.325   13808.540
       0.330   13802.779
       0.335   13796.264
       0.340   13791.243
       0.345   13784.796
       0.350   13778.048
       0.355   13771.103
       0.360   13763.933
       0.365   13756.548
       0.370   13749.008
       0.375   13741.188
       0.380   13733.243
       0.385   13725.033
       0.390   13716.728
       0.395   13708.221
       0.400   13699.577
       0.405   13690.757
       0.410   13681.822
       0.415   13672.831
       0.420   13663.691
       0.425   13654.515
       0.430   13645.232
       0.435   13635.889
       0.440   13626.467
       0.445   13616.959
       0.450   13607.408
       0.455   13597.812
       0.460   13588.141
       0.465   13578.447
       0.470   13568.821
       0.475   13558.956
       0.480   13549.254
       0.485   13539.366
       0.490   13529.604
       0.495   13519.663
       0.500   13509.845
       0.505   13499.834
       0.510   13489.939
       0.515   13479.948
       0.520   13469.983
       0.525   13459.962
       0.530   13449.957
       0.535   13439.887
       0.540   13429.822
       0.545   13419.687
       0.550   13409.577
       0.555   13399.408
       0.560   13389.289
       0.565   13379.011
       0.570   13368.822
       0.575   13358.491
       0.580   13348.234
       0.585   13337.828
       0.590   13327.474
       0.595   13317.009
       0.600   13306.574
       0.605   13296.041
       0.610   13285.505
       0.615   13274.883
       0.620   13264.842
       0.625   13254.081
       0.630   13243.469
       0.635   13232.605
       0.640   13221.707
       0.645   13210.957
       0.650   13200.009
       0.655   13189.177
       0.660   13177.771
       0.665   13166.882
       0.670   13155.379
       0.675   13144.327
       0.680   13132.592
       0.685   13121.305
       0.690   13109.612
       0.695   13098.331
       0.700   13086.322
       0.705   13074.847
       0.710   13062.685
       0.715   13050.820
       0.720   13038.745
       0.725   13026.929
       0.730   13014.350
       0.735   13002.198
       0.740   12989.780
       0.745   12977.344
       0.750   12964.749
       0.755   12952.131
       0.760   12939.346
       0.765   12926.484
       0.770   12913.623
       0.775   12900.428
       0.780   12887.246
       0.785   12873.940
       0.790   12860.591
       0.795   12847.103
       0.800   12833.362
       0.805   12819.659
       0.810   12805.866
       0.815   12791.570
       0.820   12777.684
       0.825   12763.404
       0.830   12749.200
       0.835   12734.532
       0.840   12720.133
       0.845   12705.259
       0.850   12690.634
       0.855   12675.471
       0.860   12660.543
       0.865   12645.098
       0.870   12629.926
       0.875   12614.111
       0.880   12598.689
       0.885   12582.720
       0.890   12566.877
       0.895   12550.637
       0.900   12534.503
       0.905   12517.879
       0.910   12501.473
       0.915   12484.602
       0.920   12467.570
       0.925   12450.561
       0.930   12433.258
       0.935   12415.923
       0.940   12398.241
       0.945   12380.628
       0.950   12362.512
       0.955   12344.537
       0.960   12326.040
       0.965   12307.662
       0.970   12288.775
       0.975   12269.972
       0.980   12250.715
       0.985   12231.471
       0.990   12211.935
       0.995   12192.168
       1.000   12172.179
