 
       0.005     937.648
       0.010    1874.265
       0.015    2809.853
       0.020    3744.414
       0.025    4677.950
       0.030    5610.461
       0.035    6541.950
       0.040    7472.417
       0.045    8213.432
       0.050    9036.860
       0.055    9810.960
       0.060   10508.782
       0.065   11110.007
       0.070   11605.561
       0.075   11998.311
       0.080   12300.377
       0.085   12529.335
       0.090   12704.145
       0.095   12841.960
       0.100   12956.232
       0.105   13056.093
       0.110   13146.734
       0.115   13230.355
       0.120   13307.316
       0.125   13377.175
       0.130   13439.464
       0.135   13494.130
       0.140   13541.676
       0.145   13583.082
       0.150   13619.596
       0.155   13652.495
       0.160   13682.881
       0.165   13711.550
       0.170   13738.950
       0.175   13765.207
       0.180   13790.205
       0.185   13813.692
       0.190   13835.387
       0.195   13855.070
       0.200   13872.643
       0.205   13888.155
       0.210   13901.791
       0.215   13913.844
       0.220   13924.659
       0.225   13934.588
       0.230   13943.936
       0.235   13952.941
       0.240   13961.757
       0.245   13970.451
       0.250   13979.009
       0.255   13987.349
       0.260   13995.347
       0.265   14002.862
       0.270   14009.759
       0.275   14015.936
       0.280   14021.329
       0.285   14025.930
       0.290   14029.783
       0.295   14032.977
       0.300   14035.630
       0.305   14037.867
       0.310   14039.802
       0.315   14041.520
       0.320   14043.085
       0.325   14044.541
       0.330   14045.917
       0.335   14047.229
       0.340   14048.480
       0.345   14049.655
       0.350   14050.729
       0.355   14051.670
       0.360   14052.447
       0.365   14053.036
       0.370   14053.427
       0.375   14053.627
       0.380   14053.658
       0.385   14053.550
       0.390   14053.333
       0.395   14053.030
       0.400   14052.655
       0.405   14052.217
       0.410   14051.714
       0.415   14051.144
       0.420   14050.501
       0.425   14049.777
       0.430   14048.963
       0.435   14048.048
       0.440   14047.024
       0.445   14045.881
       0.450   14044.619
       0.455   14043.246
       0.460   14041.615
       0.465   14040.228
       0.470   14038.183
       0.475   14036.259
       0.480   14034.189
       0.485   14032.407
       0.490   14030.214
       0.495   14028.405
       0.500   14026.585
       0.505   14023.835
       0.510   14021.000
       0.515   14014.116
       0.520   14015.207
       0.525   14008.345
       0.530   14008.377
       0.535   14005.935
       0.540   14003.086
       0.545   14000.913
       0.550   13997.773
       0.555   13994.092
       0.560   13990.188
       0.565   13986.723
       0.570   13982.711
       0.575   13979.286
       0.580   13974.951
       0.585   13971.368
       0.590   13966.516
       0.595   13962.501
       0.600   13957.786
       0.605   13953.480
       0.610   13948.650
       0.615   13944.110
       0.620   13938.897
       0.625   13934.060
       0.630   13928.942
       0.635   13923.767
       0.640   13918.339
       0.645   13912.943
       0.650   13907.147
       0.655   13901.730
       0.660   13895.867
       0.665   13890.041
       0.670   13883.879
       0.675   13877.905
       0.680   13871.600
       0.685   13865.313
       0.690   13858.772
       0.695   13852.243
       0.700   13845.469
       0.705   13838.709
       0.710   13831.660
       0.715   13824.636
       0.720   13817.358
       0.725   13810.090
       0.730   13802.554
       0.735   13795.023
       0.740   13787.250
       0.745   13779.430
       0.750   13771.398
       0.755   13763.329
       0.760   13754.980
       0.765   13746.687
       0.770   13738.023
       0.775   13729.338
       0.780   13720.537
       0.785   13711.516
       0.790   13702.394
       0.795   13693.081
       0.800   13683.670
       0.805   13674.090
       0.810   13664.369
       0.815   13654.461
       0.820   13644.455
       0.825   13634.229
       0.830   13623.961
       0.835   13613.372
       0.840   13602.817
       0.845   13591.951
       0.850   13581.138
       0.855   13569.945
       0.860   13558.786
       0.865   13547.368
       0.870   13535.961
       0.875   13524.199
       0.880   13512.459
       0.885   13500.991
       0.890   13491.559
       0.895   13477.792
       0.900   13464.846
       0.905   13452.014
       0.910   13439.763
       0.915   13426.913
       0.920   13414.502
       0.925   13400.971
       0.930   13387.953
       0.935   13374.762
       0.940   13361.478
       0.945   13348.026
       0.950   13334.617
       0.955   13320.960
       0.960   13307.204
       0.965   13293.299
       0.970   13279.358
       0.975   13265.327
       0.980   13251.322
       0.985   13236.922
       0.990   13222.426
       0.995   13208.301
       1.000   13193.506
