 
       0.005     937.648
       0.010    1874.265
       0.015    2809.853
       0.020    3744.414
       0.025    4677.950
       0.030    5610.461
       0.035    6541.950
       0.040    7472.417
       0.045    8213.421
       0.050    9036.833
       0.055    9810.895
       0.060   10508.625
       0.065   11109.674
       0.070   11604.927
       0.075   11997.235
       0.080   12298.723
       0.085   12526.995
       0.090   12701.056
       0.095   12838.090
       0.100   12951.568
       0.105   13050.631
       0.110   13140.464
       0.115   13223.260
       0.120   13299.373
       0.125   13368.357
       0.130   13429.747
       0.135   13483.497
       0.140   13530.118
       0.145   13570.597
       0.150   13606.189
       0.155   13638.170
       0.160   13667.645
       0.165   13695.405
       0.170   13721.895
       0.175   13747.238
       0.180   13771.315
       0.185   13793.872
       0.190   13814.629
       0.195   13833.369
       0.200   13849.995
       0.205   13864.560
       0.210   13877.255
       0.215   13888.373
       0.220   13898.266
       0.225   13907.282
       0.230   13915.724
       0.235   13923.826
       0.240   13931.739
       0.245   13939.528
       0.250   13947.177
       0.255   13954.604
       0.260   13961.685
       0.265   13968.277
       0.270   13974.246
       0.275   13979.487
       0.280   13983.939
       0.285   13987.594
       0.290   13990.501
       0.295   13992.757
       0.300   13994.497
       0.305   13995.857
       0.310   13996.949
       0.315   13997.851
       0.320   13998.612
       0.325   13999.258
       0.330   13999.806
       0.335   14000.265
       0.340   14000.634
       0.345   14000.900
       0.350   14001.038
       0.355   14001.016
       0.360   14000.805
       0.365   14000.389
       0.370   13999.773
       0.375   13998.984
       0.380   13998.064
       0.385   13997.049
       0.390   13995.958
       0.395   13994.796
       0.400   13993.552
       0.405   13992.201
       0.410   13990.513
       0.415   13988.821
       0.420   13986.794
       0.425   13984.324
       0.430   13982.470
       0.435   13980.834
       0.440   13977.717
       0.445   13974.779
       0.450   13970.506
       0.455   13969.136
       0.460   13963.571
       0.465   13963.240
       0.470   13960.328
       0.475   13956.571
       0.480   13952.195
       0.485   13951.003
       0.490   13946.490
       0.495   13943.302
       0.500   13938.770
       0.505   13935.267
       0.510   13930.683
       0.515   13926.779
       0.520   13922.162
       0.525   13918.219
       0.530   13913.259
       0.535   13908.943
       0.540   13903.779
       0.545   13899.251
       0.550   13894.142
       0.555   13889.215
       0.560   13883.963
       0.565   13879.000
       0.570   13873.451
       0.575   13868.218
       0.580   13862.609
       0.585   13857.147
       0.590   13851.378
       0.595   13845.699
       0.600   13839.783
       0.605   13833.935
       0.610   13827.852
       0.615   13821.852
       0.620   13815.592
       0.625   13809.434
       0.630   13803.011
       0.635   13796.679
       0.640   13790.121
       0.645   13783.672
       0.650   13776.924
       0.655   13770.301
       0.660   13763.382
       0.665   13756.571
       0.670   13749.510
       0.675   13742.527
       0.680   13735.319
       0.685   13728.180
       0.690   13720.829
       0.695   13713.522
       0.700   13706.026
       0.705   13698.550
       0.710   13690.905
       0.715   13683.281
       0.720   13675.497
       0.725   13667.717
       0.730   13659.706
       0.735   13651.780
       0.740   13643.595
       0.745   13635.496
       0.750   13627.164
       0.755   13618.897
       0.760   13610.405
       0.765   13601.994
       0.770   13593.317
       0.775   13584.724
       0.780   13575.905
       0.785   13567.147
       0.790   13558.153
       0.795   13549.227
       0.800   13540.047
       0.805   13530.958
       0.810   13521.615
       0.815   13512.353
       0.820   13502.871
       0.825   13493.446
       0.830   13483.746
       0.835   13474.134
       0.840   13465.456
       0.845   13454.532
       0.850   13445.058
       0.855   13435.311
       0.860   13425.014
       0.865   13414.476
       0.870   13403.921
       0.875   13393.544
       0.880   13383.939
       0.885   13373.032
       0.890   13362.565
       0.895   13351.434
       0.900   13340.748
       0.905   13329.662
       0.910   13318.696
       0.915   13307.491
       0.920   13296.351
       0.925   13284.868
       0.930   13273.619
       0.935   13261.881
       0.940   13250.421
       0.945   13238.294
       0.950   13226.644
       0.955   13214.551
       0.960   13202.658
       0.965   13190.291
       0.970   13178.234
       0.975   13165.797
       0.980   13153.459
       0.985   13140.813
       0.990   13128.029
       0.995   13115.393
       1.000   13102.712
