 
       0.005     937.648
       0.010    1874.265
       0.015    2809.853
       0.020    3744.414
       0.025    4677.950
       0.030    5610.461
       0.035    6541.950
       0.040    7472.417
       0.045    8213.428
       0.050    9036.850
       0.055    9810.936
       0.060   10508.723
       0.065   11109.882
       0.070   11605.320
       0.075   11997.900
       0.080   12299.742
       0.085   12528.432
       0.090   12702.947
       0.095   12840.450
       0.100   12954.402
       0.105   13053.936
       0.110   13144.243
       0.115   13227.520
       0.120   13304.123
       0.125   13373.609
       0.130   13435.510
       0.135   13489.776
       0.140   13536.913
       0.145   13577.905
       0.150   13614.001
       0.155   13646.479
       0.160   13676.441
       0.165   13704.683
       0.170   13731.649
       0.175   13757.466
       0.180   13782.014
       0.185   13805.043
       0.190   13826.270
       0.195   13845.477
       0.200   13862.565
       0.205   13877.587
       0.210   13890.729
       0.215   13902.284
       0.220   13912.603
       0.225   13922.033
       0.230   13930.879
       0.235   13939.378
       0.240   13947.683
       0.245   13955.858
       0.250   13963.888
       0.255   13971.691
       0.260   13979.143
       0.265   13986.103
       0.270   13992.435
       0.275   13998.034
       0.280   14002.840
       0.285   14006.842
       0.290   14010.088
       0.295   14012.672
       0.300   14014.721
       0.305   14016.369
       0.310   14017.729
       0.315   14018.882
       0.320   14019.884
       0.325   14020.766
       0.330   14021.549
       0.335   14022.247
       0.340   14022.855
       0.345   14023.362
       0.350   14023.741
       0.355   14023.958
       0.360   14023.981
       0.365   14023.791
       0.370   14023.386
       0.375   14022.787
       0.380   14022.032
       0.385   14021.157
       0.390   14020.191
       0.395   14019.145
       0.400   14018.011
       0.405   14016.772
       0.410   14015.398
       0.415   14013.316
       0.420   14011.511
       0.425   14009.366
       0.430   14007.860
       0.435   14005.381
       0.440   14002.483
       0.445   13999.697
       0.450   13995.069
       0.455   13994.456
       0.460   13990.382
       0.465   13988.180
       0.470   13983.851
       0.475   13980.039
       0.480   13977.493
       0.485   13973.119
       0.490   13967.928
       0.495   13964.107
       0.500   13960.745
       0.505   13955.902
       0.510   13951.543
       0.515   13946.535
       0.520   13941.667
       0.525   13936.349
       0.530   13931.153
       0.535   13925.426
       0.540   13920.005
       0.545   13914.139
       0.550   13908.321
       0.555   13902.189
       0.560   13896.057
       0.565   13889.746
       0.570   13883.365
       0.575   13876.861
       0.580   13870.136
       0.585   13863.320
       0.590   13856.379
       0.595   13849.291
       0.600   13842.164
       0.605   13834.797
       0.610   13827.457
       0.615   13819.847
       0.620   13812.286
       0.625   13804.471
       0.630   13796.705
       0.635   13788.706
       0.640   13780.729
       0.645   13772.539
       0.650   13764.346
       0.655   13755.949
       0.660   13747.559
       0.665   13738.980
       0.670   13730.405
       0.675   13721.748
       0.680   13712.956
       0.685   13704.063
       0.690   13695.140
       0.695   13686.068
       0.700   13676.999
       0.705   13667.754
       0.710   13658.529
       0.715   13649.131
       0.720   13639.760
       0.725   13630.177
       0.730   13620.656
       0.735   13610.947
       0.740   13601.271
       0.745   13591.465
       0.750   13581.641
       0.755   13571.672
       0.760   13561.708
       0.765   13551.586
       0.770   13541.482
       0.775   13531.189
       0.780   13520.934
       0.785   13510.519
       0.790   13500.115
       0.795   13490.277
       0.800   13479.495
       0.805   13469.265
       0.810   13458.141
       0.815   13447.850
       0.820   13436.440
       0.825   13425.831
       0.830   13414.478
       0.835   13403.782
       0.840   13392.215
       0.845   13381.448
       0.850   13369.780
       0.855   13358.842
       0.860   13346.911
       0.865   13335.638
       0.870   13323.464
       0.875   13311.926
       0.880   13300.097
       0.885   13288.424
       0.890   13275.977
       0.895   13264.302
       0.900   13251.874
       0.905   13239.904
       0.910   13227.298
       0.915   13215.141
       0.920   13202.424
       0.925   13190.045
       0.930   13177.146
       0.935   13164.918
       0.940   13151.623
       0.945   13138.907
       0.950   13125.477
       0.955   13112.655
       0.960   13099.208
       0.965   13086.188
       0.970   13072.467
       0.975   13059.250
       0.980   13045.339
       0.985   13031.820
       0.990   13017.810
       0.995   13004.082
       1.000   12989.847
