 
       0.005     937.648
       0.010    1874.265
       0.015    2809.853
       0.020    3744.414
       0.025    4677.950
       0.030    5610.461
       0.035    6541.950
       0.040    7472.417
       0.045    8213.392
       0.050    9036.764
       0.055    9810.725
       0.060   10508.214
       0.065   11108.833
       0.070   11603.274
       0.075   11994.416
       0.080   12294.368
       0.085   12520.808
       0.090   12692.844
       0.095   12827.744
       0.100   12939.035
       0.105   13035.872
       0.110   13123.429
       0.115   13203.879
       0.120   13277.552
       0.125   13343.998
       0.130   13402.757
       0.135   13453.796
       0.140   13497.649
       0.145   13535.325
       0.150   13568.093
       0.155   13597.240
       0.160   13623.863
       0.165   13648.749
       0.170   13672.330
       0.175   13694.718
       0.180   13715.785
       0.185   13735.274
       0.190   13752.905
       0.195   13768.462
       0.200   13781.858
       0.205   13793.154
       0.210   13802.555
       0.215   13810.375
       0.220   13816.978
       0.225   13822.716
       0.230   13827.881
       0.235   13832.681
       0.240   13837.247
       0.245   13841.629
       0.250   13845.806
       0.255   13849.687
       0.260   13853.133
       0.265   13855.974
       0.270   13858.018
       0.275   13859.049
       0.280   13858.717
       0.285   13856.783
       0.290   13854.694
       0.295   13850.891
       0.300   13846.266
       0.305   13843.115
       0.310   13838.219
       0.315   13831.970
       0.320   13825.772
       0.325   13819.199
       0.330   13811.643
       0.335   13803.500
       0.340   13794.633
       0.345   13785.101
       0.350   13774.922
       0.355   13764.244
       0.360   13753.025
       0.365   13741.266
       0.370   13728.964
       0.375   13716.135
       0.380   13702.801
       0.385   13688.943
       0.390   13674.575
       0.395   13659.732
       0.400   13644.478
       0.405   13628.849
       0.410   13612.859
       0.415   13596.503
       0.420   13579.789
       0.425   13562.835
       0.430   13545.426
       0.435   13527.901
       0.440   13510.029
       0.445   13492.055
       0.450   13473.893
       0.455   13455.628
       0.460   13437.173
       0.465   13418.651
       0.470   13399.980
       0.475   13381.292
       0.480   13362.529
       0.485   13343.781
       0.490   13325.012
       0.495   13306.271
       0.500   13287.544
       0.505   13268.838
       0.510   13250.159
       0.515   13231.926
       0.520   13213.299
       0.525   13194.838
       0.530   13176.568
       0.535   13158.192
       0.540   13139.989
       0.545   13121.770
       0.550   13103.667
       0.555   13085.682
       0.560   13067.709
       0.565   13049.783
       0.570   13031.862
       0.575   13014.248
       0.580   12996.323
       0.585   12978.604
       0.590   12961.049
       0.595   12943.460
       0.600   12925.931
       0.605   12908.485
       0.610   12891.004
       0.615   12873.718
       0.620   12856.245
       0.625   12838.998
       0.630   12821.576
       0.635   12804.327
       0.640   12786.986
       0.645   12769.860
       0.650   12752.470
       0.655   12735.287
       0.660   12717.950
       0.665   12700.732
       0.670   12683.443
       0.675   12666.023
       0.680   12648.979
       0.685   12631.509
       0.690   12614.143
       0.695   12596.783
       0.700   12579.348
       0.705   12561.944
       0.710   12546.407
       0.715   12528.396
       0.720   12511.038
       0.725   12492.826
       0.730   12475.490
       0.735   12457.413
       0.740   12439.361
       0.745   12421.867
       0.750   12403.370
       0.755   12384.957
       0.760   12366.759
       0.765   12348.380
       0.770   12329.633
       0.775   12311.047
       0.780   12292.104
       0.785   12273.296
       0.790   12254.257
       0.795   12234.766
       0.800   12215.618
       0.805   12195.799
       0.810   12176.328
       0.815   12156.343
       0.820   12136.133
       0.825   12115.475
       0.830   12095.084
       0.835   12074.033
       0.840   12053.283
       0.845   12031.994
       0.850   12010.851
       0.855   11988.892
       0.860   11967.038
       0.865   11944.800
       0.870   11922.640
       0.875   11899.539
       0.880   11876.928
       0.885   11853.409
       0.890   11829.523
       0.895   11805.704
       0.900   11781.523
       0.905   11757.027
       0.910   11732.284
       0.915   11706.962
       0.920   11681.450
       0.925   11655.266
       0.930   11629.263
       0.935   11602.462
       0.940   11575.482
       0.945   11548.329
       0.950   11520.848
       0.955   11492.377
       0.960   11464.001
       0.965   11435.536
       0.970   11406.433
       0.975   11376.586
       0.980   11346.787
       0.985   11316.350
       0.990   11285.503
       0.995   11254.327
       1.000   11222.829
