 
       0.005     937.648
       0.010    1874.265
       0.015    2809.853
       0.020    3744.414
       0.025    4677.950
       0.030    5610.461
       0.035    6541.950
       0.040    7472.417
       0.045    8213.431
       0.050    9036.856
       0.055    9810.951
       0.060   10508.758
       0.065   11109.957
       0.070   11605.466
       0.075   11998.147
       0.080   12300.123
       0.085   12528.972
       0.090   12703.660
       0.095   12841.346
       0.100   12955.484
       0.105   13055.205
       0.110   13145.702
       0.115   13229.173
       0.120   13305.977
       0.125   13375.670
       0.130   13437.784
       0.135   13492.268
       0.140   13539.626
       0.145   13580.839
       0.150   13617.156
       0.155   13649.853
       0.160   13680.033
       0.165   13708.492
       0.170   13735.677
       0.175   13761.712
       0.180   13786.482
       0.185   13809.733
       0.190   13831.184
       0.195   13850.616
       0.200   13867.930
       0.205   13883.176
       0.210   13896.541
       0.215   13908.318
       0.220   13918.854
       0.225   13928.498
       0.230   13937.556
       0.235   13946.265
       0.240   13954.778
       0.245   13963.160
       0.250   13971.398
       0.255   13979.408
       0.260   13987.067
       0.265   13994.231
       0.270   14000.768
       0.275   14006.572
       0.280   14011.580
       0.285   14015.784
       0.290   14019.229
       0.295   14022.007
       0.300   14024.242
       0.305   14026.064
       0.310   14027.589
       0.315   14028.899
       0.320   14030.051
       0.325   14031.082
       0.330   14032.015
       0.335   14032.862
       0.340   14033.623
       0.345   14034.281
       0.350   14034.811
       0.355   14035.177
       0.360   14035.348
       0.365   14035.299
       0.370   14035.027
       0.375   14034.548
       0.380   14033.896
       0.385   14033.108
       0.390   14032.215
       0.395   14031.230
       0.400   14030.151
       0.405   14028.959
       0.410   14027.623
       0.415   14025.794
       0.420   14023.927
       0.425   14021.768
       0.430   14020.115
       0.435   14015.733
       0.440   14014.377
       0.445   14011.021
       0.450   14008.030
       0.455   14004.281
       0.460   14001.667
       0.465   13997.879
       0.470   13994.399
       0.475   13989.734
       0.480   13985.795
       0.485   13980.712
       0.490   13976.027
       0.495   13970.780
       0.500   13965.197
       0.505   13959.327
       0.510   13953.216
       0.515   13946.723
       0.520   13939.990
       0.525   13932.879
       0.530   13925.494
       0.535   13917.667
       0.540   13909.532
       0.545   13900.979
       0.550   13892.088
       0.555   13882.787
       0.560   13873.093
       0.565   13862.905
       0.570   13852.306
       0.575   13841.180
       0.580   13829.615
       0.585   13817.500
       0.590   13804.904
       0.595   13791.742
       0.600   13778.050
       0.605   13763.797
       0.610   13748.975
       0.615   13733.555
       0.620   13717.540
       0.625   13700.937
       0.630   13683.613
       0.635   13665.734
       0.640   13647.118
       0.645   13627.939
       0.650   13608.083
       0.655   13587.632
       0.660   13566.553
       0.665   13544.828
       0.670   13522.531
       0.675   13499.645
       0.680   13476.218
       0.685   13454.264
       0.690   13428.013
       0.695   13402.851
       0.700   13377.724
       0.705   13352.140
       0.710   13326.004
       0.715   13299.518
       0.720   13272.972
       0.725   13245.943
       0.730   13218.430
       0.735   13191.341
       0.740   13163.581
       0.745   13135.518
       0.750   13107.832
       0.755   13079.747
       0.760   13051.740
       0.765   13023.579
       0.770   12995.395
       0.775   12967.066
       0.780   12938.749
       0.785   12910.379
       0.790   12881.981
       0.795   12853.478
       0.800   12827.582
       0.805   12798.853
       0.810   12770.190
       0.815   12741.530
       0.820   12712.618
       0.825   12684.044
       0.830   12654.910
       0.835   12626.469
       0.840   12597.318
       0.845   12569.064
       0.850   12539.745
       0.855   12511.120
       0.860   12482.353
       0.865   12453.261
       0.870   12424.342
       0.875   12395.670
       0.880   12366.674
       0.885   12337.970
       0.890   12308.882
       0.895   12280.178
       0.900   12251.195
       0.905   12222.488
       0.910   12193.236
       0.915   12164.469
       0.920   12135.563
       0.925   12106.529
       0.930   12077.594
       0.935   12048.587
       0.940   12019.436
       0.945   11990.316
       0.950   11961.209
       0.955   11932.035
       0.960   11902.719
       0.965   11873.317
       0.970   11843.834
       0.975   11814.038
       0.980   11784.578
       0.985   11754.452
       0.990   11724.533
       0.995   11694.558
       1.000   11663.967
