 
       0.005     937.648
       0.010    1874.265
       0.015    2809.853
       0.020    3744.414
       0.025    4677.950
       0.030    5610.461
       0.035    6541.950
       0.040    7472.417
       0.045    8213.427
       0.050    9036.847
       0.055    9810.928
       0.060   10508.704
       0.065   11109.841
       0.070   11605.241
       0.075   11997.763
       0.080   12299.529
       0.085   12528.125
       0.090   12702.532
       0.095   12839.919
       0.100   12953.749
       0.105   13053.155
       0.110   13143.327
       0.115   13226.461
       0.120   13302.911
       0.125   13372.235
       0.130   13433.963
       0.135   13488.047
       0.140   13534.992
       0.145   13575.784
       0.150   13611.674
       0.155   13643.938
       0.160   13673.680
       0.165   13701.693
       0.170   13728.423
       0.175   13753.993
       0.180   13778.285
       0.185   13801.046
       0.190   13821.994
       0.195   13840.910
       0.200   13857.698
       0.205   13872.406
       0.210   13885.226
       0.215   13896.451
       0.220   13906.430
       0.225   13915.513
       0.230   13924.003
       0.235   13932.136
       0.240   13940.061
       0.245   13947.844
       0.250   13955.468
       0.255   13962.850
       0.260   13969.866
       0.265   13976.371
       0.270   13982.231
       0.275   13987.338
       0.280   13991.628
       0.285   13995.091
       0.290   13997.775
       0.295   13999.780
       0.300   14001.243
       0.305   14002.310
       0.310   14003.098
       0.315   14003.687
       0.320   14004.118
       0.325   14004.410
       0.330   14004.571
       0.335   14004.595
       0.340   14004.469
       0.345   14004.165
       0.350   14003.637
       0.355   14002.831
       0.360   14001.697
       0.365   13999.710
       0.370   13997.909
       0.375   13995.339
       0.380   13994.100
       0.385   13991.423
       0.390   13988.545
       0.395   13986.196
       0.400   13981.827
       0.405   13976.950
       0.410   13974.366
       0.415   13970.452
       0.420   13965.493
       0.425   13960.231
       0.430   13955.266
       0.435   13948.987
       0.440   13942.648
       0.445   13935.806
       0.450   13928.613
       0.455   13920.955
       0.460   13912.905
       0.465   13904.307
       0.470   13895.267
       0.475   13885.691
       0.480   13875.622
       0.485   13865.005
       0.490   13853.819
       0.495   13842.023
       0.500   13829.610
       0.505   13816.579
       0.510   13802.913
       0.515   13788.624
       0.520   13773.662
       0.525   13758.007
       0.530   13741.646
       0.535   13724.577
       0.540   13706.777
       0.545   13688.334
       0.550   13668.958
       0.555   13649.052
       0.560   13628.259
       0.565   13606.851
       0.570   13584.631
       0.575   13561.777
       0.580   13538.147
       0.585   13513.908
       0.590   13489.021
       0.595   13463.549
       0.600   13437.512
       0.605   13410.954
       0.610   13384.024
       0.615   13356.577
       0.620   13328.944
       0.625   13300.563
       0.630   13272.054
       0.635   13243.156
       0.640   13214.173
       0.645   13184.771
       0.650   13155.491
       0.655   13125.752
       0.660   13095.849
       0.665   13066.278
       0.670   13036.402
       0.675   13006.646
       0.680   12976.770
       0.685   12946.927
       0.690   12917.033
       0.695   12887.194
       0.700   12857.354
       0.705   12827.570
       0.710   12797.814
       0.715   12768.042
       0.720   12738.384
       0.725   12708.707
       0.730   12679.065
       0.735   12651.494
       0.740   12621.829
       0.745   12592.286
       0.750   12562.617
       0.755   12533.336
       0.760   12503.913
       0.765   12474.876
       0.770   12445.571
       0.775   12416.329
       0.780   12387.059
       0.785   12358.202
       0.790   12328.964
       0.795   12300.021
       0.800   12271.281
       0.805   12242.243
       0.810   12213.470
       0.815   12184.734
       0.820   12156.119
       0.825   12127.373
       0.830   12098.560
       0.835   12070.014
       0.840   12041.267
       0.845   12012.692
       0.850   11983.972
       0.855   11955.180
       0.860   11926.608
       0.865   11897.829
       0.870   11869.005
       0.875   11840.196
       0.880   11811.205
       0.885   11782.072
       0.890   11752.670
       0.895   11723.307
       0.900   11693.703
       0.905   11664.084
       0.910   11634.292
       0.915   11604.478
       0.920   11574.114
       0.925   11543.493
       0.930   11512.672
       0.935   11481.642
       0.940   11450.576
       0.945   11419.289
       0.950   11387.756
       0.955   11355.691
       0.960   11323.504
       0.965   11290.924
       0.970   11258.158
       0.975   11225.118
       0.980   11191.867
       0.985   11158.319
       0.990   11124.233
       0.995   11089.959
       1.000   11055.381
