 
       0.005     937.648
       0.010    1874.265
       0.015    2809.853
       0.020    3744.414
       0.025    4677.950
       0.030    5610.461
       0.035    6541.950
       0.040    7472.417
       0.045    8213.432
       0.050    9036.860
       0.055    9810.960
       0.060   10508.780
       0.065   11110.004
       0.070   11605.555
       0.075   11998.300
       0.080   12300.361
       0.085   12529.311
       0.090   12704.113
       0.095   12841.920
       0.100   12956.183
       0.105   13056.034
       0.110   13146.665
       0.115   13230.275
       0.120   13307.226
       0.125   13377.073
       0.130   13439.349
       0.135   13494.002
       0.140   13541.535
       0.145   13582.927
       0.150   13619.427
       0.155   13652.311
       0.160   13682.681
       0.165   13711.335
       0.170   13738.718
       0.175   13764.959
       0.180   13789.939
       0.185   13813.408
       0.190   13835.084
       0.195   13854.747
       0.200   13872.300
       0.205   13887.790
       0.210   13901.404
       0.215   13913.435
       0.220   13924.227
       0.225   13934.132
       0.230   13943.456
       0.235   13952.435
       0.240   13961.226
       0.245   13969.894
       0.250   13978.424
       0.255   13986.735
       0.260   13994.703
       0.265   14002.187
       0.270   14009.052
       0.275   14015.195
       0.280   14020.553
       0.285   14025.118
       0.290   14028.934
       0.295   14032.089
       0.300   14034.702
       0.305   14036.900
       0.310   14038.795
       0.315   14040.474
       0.320   14041.999
       0.325   14043.412
       0.330   14044.744
       0.335   14046.010
       0.340   14047.212
       0.345   14048.335
       0.350   14049.354
       0.355   14050.238
       0.360   14050.953
       0.365   14051.478
       0.370   14051.801
       0.375   14051.933
       0.380   14051.894
       0.385   14051.715
       0.390   14051.427
       0.395   14051.053
       0.400   14050.608
       0.405   14050.097
       0.410   14049.518
       0.415   14048.866
       0.420   14048.134
       0.425   14047.311
       0.430   14046.386
       0.435   14045.345
       0.440   14044.177
       0.445   14042.873
       0.450   14041.226
       0.455   14039.304
       0.460   14037.755
       0.465   14035.492
       0.470   14034.464
       0.475   14031.906
       0.480   14030.255
       0.485   14027.991
       0.490   14025.895
       0.495   14022.756
       0.500   14015.828
       0.505   14017.032
       0.510   14015.019
       0.515   14010.473
       0.520   14007.803
       0.525   14004.470
       0.530   14001.805
       0.535   13998.600
       0.540   13994.094
       0.545   13990.660
       0.550   13986.569
       0.555   13982.644
       0.560   13977.776
       0.565   13973.657
       0.570   13968.781
       0.575   13964.272
       0.580   13958.879
       0.585   13953.920
       0.590   13948.410
       0.595   13942.969
       0.600   13937.151
       0.605   13931.275
       0.610   13925.123
       0.615   13918.829
       0.620   13912.228
       0.625   13905.500
       0.630   13898.426
       0.635   13891.204
       0.640   13883.678
       0.645   13875.959
       0.650   13867.882
       0.655   13859.604
       0.660   13850.920
       0.665   13842.026
       0.670   13832.713
       0.675   13823.138
       0.680   13813.097
       0.685   13802.734
       0.690   13791.903
       0.695   13780.703
       0.700   13769.039
       0.705   13756.933
       0.710   13744.300
       0.715   13731.196
       0.720   13717.509
       0.725   13703.362
       0.730   13688.437
       0.735   13673.063
       0.740   13656.833
       0.745   13640.118
       0.750   13622.557
       0.755   13604.402
       0.760   13585.400
       0.765   13565.701
       0.770   13545.206
       0.775   13523.936
       0.780   13501.875
       0.785   13479.089
       0.790   13455.590
       0.795   13430.651
       0.800   13405.414
       0.805   13379.130
       0.810   13352.591
       0.815   13324.541
       0.820   13297.051
       0.825   13267.820
       0.830   13238.559
       0.835   13208.529
       0.840   13177.843
       0.845   13146.928
       0.850   13115.628
       0.855   13083.996
       0.860   13052.167
       0.865   13019.963
       0.870   12987.451
       0.875   12954.938
       0.880   12922.002
       0.885   12889.060
       0.890   12858.747
       0.895   12825.160
       0.900   12791.337
       0.905   12757.400
       0.910   12723.403
       0.915   12689.389
       0.920   12655.183
       0.925   12620.766
       0.930   12585.659
       0.935   12551.139
       0.940   12515.935
       0.945   12481.075
       0.950   12445.204
       0.955   12409.697
       0.960   12373.735
       0.965   12337.818
       0.970   12301.514
       0.975   12265.298
       0.980   12228.806
       0.985   12192.136
       0.990   12155.366
       0.995   12118.424
       1.000   12081.313
