 
       0.005     937.648
       0.010    1874.265
       0.015    2809.853
       0.020    3744.414
       0.025    4677.950
       0.030    5610.461
       0.035    6541.950
       0.040    7472.417
       0.045    8213.432
       0.050    9036.860
       0.055    9810.959
       0.060   10508.780
       0.065   11110.003
       0.070   11605.553
       0.075   11998.297
       0.080   12300.356
       0.085   12529.304
       0.090   12704.104
       0.095   12841.908
       0.100   12956.169
       0.105   13056.017
       0.110   13146.645
       0.115   13230.253
       0.120   13307.200
       0.125   13377.044
       0.130   13439.317
       0.135   13493.966
       0.140   13541.495
       0.145   13582.883
       0.150   13619.379
       0.155   13652.259
       0.160   13682.625
       0.165   13711.273
       0.170   13738.652
       0.175   13764.888
       0.180   13789.863
       0.185   13813.327
       0.190   13834.997
       0.195   13854.655
       0.200   13872.202
       0.205   13887.686
       0.210   13901.294
       0.215   13913.318
       0.220   13924.104
       0.225   13934.002
       0.230   13943.318
       0.235   13952.291
       0.240   13961.074
       0.245   13969.734
       0.250   13978.257
       0.255   13986.560
       0.260   13994.519
       0.265   14001.994
       0.270   14008.850
       0.275   14014.983
       0.280   14020.332
       0.285   14024.886
       0.290   14028.691
       0.295   14031.835
       0.300   14034.437
       0.305   14036.624
       0.310   14038.508
       0.315   14040.175
       0.320   14041.688
       0.325   14043.090
       0.330   14044.409
       0.335   14045.662
       0.340   14046.849
       0.345   14047.958
       0.350   14048.961
       0.355   14049.828
       0.360   14050.526
       0.365   14051.031
       0.370   14051.336
       0.375   14051.448
       0.380   14051.388
       0.385   14051.189
       0.390   14050.881
       0.395   14050.487
       0.400   14050.021
       0.405   14049.489
       0.410   14048.887
       0.415   14048.211
       0.420   14047.453
       0.425   14046.600
       0.430   14045.641
       0.435   14044.562
       0.440   14043.349
       0.445   14041.994
       0.450   14040.296
       0.455   14038.204
       0.460   14036.587
       0.465   14034.331
       0.470   14032.645
       0.475   14030.937
       0.480   14028.850
       0.485   14026.704
       0.490   14023.742
       0.495   14021.186
       0.500   14017.222
       0.505   14014.660
       0.510   14012.069
       0.515   14005.303
       0.520   14006.100
       0.525   14002.913
       0.530   13999.138
       0.535   13995.189
       0.540   13991.023
       0.545   13987.332
       0.550   13982.901
       0.555   13978.469
       0.560   13974.333
       0.565   13969.291
       0.570   13964.588
       0.575   13959.202
       0.580   13953.964
       0.585   13948.389
       0.590   13942.680
       0.595   13936.633
       0.600   13930.593
       0.605   13924.175
       0.610   13917.586
       0.615   13910.668
       0.620   13903.640
       0.625   13896.109
       0.630   13888.413
       0.635   13880.418
       0.640   13872.136
       0.645   13863.487
       0.650   13854.531
       0.655   13845.195
       0.660   13835.470
       0.665   13825.335
       0.670   13814.782
       0.675   13803.733
       0.680   13792.220
       0.685   13780.168
       0.690   13767.611
       0.695   13754.444
       0.700   13740.714
       0.705   13726.313
       0.710   13711.331
       0.715   13695.483
       0.720   13678.946
       0.725   13661.569
       0.730   13643.329
       0.735   13624.241
       0.740   13604.178
       0.745   13583.216
       0.750   13561.222
       0.755   13538.221
       0.760   13514.142
       0.765   13488.998
       0.770   13468.367
       0.775   13435.437
       0.780   13406.517
       0.785   13377.148
       0.790   13345.920
       0.795   13314.042
       0.800   13281.039
       0.805   13247.324
       0.810   13212.166
       0.815   13176.904
       0.820   13140.097
       0.825   13102.978
       0.830   13065.377
       0.835   13027.262
       0.840   12988.801
       0.845   12949.721
       0.850   12910.540
       0.855   12870.881
       0.860   12831.056
       0.865   12790.865
       0.870   12750.500
       0.875   12709.926
       0.880   12672.168
       0.885   12630.253
       0.890   12589.235
       0.895   12547.099
       0.900   12505.647
       0.905   12463.076
       0.910   12420.940
       0.915   12377.990
       0.920   12335.638
       0.925   12292.193
       0.930   12249.449
       0.935   12205.725
       0.940   12162.244
       0.945   12118.050
       0.950   12073.854
       0.955   12029.115
       0.960   11984.726
       0.965   11939.615
       0.970   11894.575
       0.975   11849.369
       0.980   11803.822
       0.985   11758.118
       0.990   11712.576
       0.995   11666.873
       1.000   11620.815
