 
       0.005     937.648
       0.010    1874.265
       0.015    2809.853
       0.020    3744.414
       0.025    4677.950
       0.030    5610.461
       0.035    6541.950
       0.040    7472.417
       0.045    8213.432
       0.050    9036.860
       0.055    9810.960
       0.060   10508.781
       0.065   11110.006
       0.070   11605.559
       0.075   11998.306
       0.080   12300.370
       0.085   12529.325
       0.090   12704.131
       0.095   12841.943
       0.100   12956.211
       0.105   13056.068
       0.110   13146.704
       0.115   13230.321
       0.120   13307.277
       0.125   13377.131
       0.130   13439.415
       0.135   13494.075
       0.140   13541.615
       0.145   13583.015
       0.150   13619.524
       0.155   13652.416
       0.160   13682.795
       0.165   13711.458
       0.170   13738.850
       0.175   13765.101
       0.180   13790.091
       0.185   13813.570
       0.190   13835.257
       0.195   13854.932
       0.200   13872.496
       0.205   13887.998
       0.210   13901.625
       0.215   13913.668
       0.220   13924.474
       0.225   13934.393
       0.230   13943.730
       0.235   13952.724
       0.240   13961.529
       0.245   13970.212
       0.250   13978.758
       0.255   13987.086
       0.260   13995.071
       0.265   14002.573
       0.270   14009.456
       0.275   14015.618
       0.280   14020.997
       0.285   14025.582
       0.290   14029.419
       0.295   14032.596
       0.300   14035.232
       0.305   14037.453
       0.310   14039.371
       0.315   14041.072
       0.320   14042.620
       0.325   14044.057
       0.330   14045.414
       0.335   14046.707
       0.340   14047.937
       0.345   14049.090
       0.350   14050.140
       0.355   14051.057
       0.360   14051.807
       0.365   14052.368
       0.370   14052.731
       0.375   14052.902
       0.380   14052.903
       0.385   14052.764
       0.390   14052.517
       0.395   14052.184
       0.400   14051.779
       0.405   14051.310
       0.410   14050.775
       0.415   14050.170
       0.420   14049.489
       0.425   14048.724
       0.430   14047.863
       0.435   14046.897
       0.440   14045.813
       0.445   14044.603
       0.450   14043.269
       0.455   14041.746
       0.460   14040.270
       0.465   14038.066
       0.470   14036.095
       0.475   14034.097
       0.480   14032.983
       0.485   14031.091
       0.490   14028.572
       0.495   14026.936
       0.500   14023.943
       0.505   14020.952
       0.510   14013.994
       0.515   14015.415
       0.520   14013.194
       0.525   14008.793
       0.530   14005.961
       0.535   14002.850
       0.540   14000.165
       0.545   13996.809
       0.550   13993.099
       0.555   13989.704
       0.560   13985.414
       0.565   13981.596
       0.570   13977.121
       0.575   13972.992
       0.580   13968.323
       0.585   13964.188
       0.590   13959.160
       0.595   13954.705
       0.600   13949.498
       0.605   13944.503
       0.610   13939.259
       0.615   13933.903
       0.620   13928.337
       0.625   13922.679
       0.630   13916.802
       0.635   13910.921
       0.640   13904.653
       0.645   13898.416
       0.650   13891.856
       0.655   13885.358
       0.660   13878.376
       0.665   13871.435
       0.670   13864.175
       0.675   13856.856
       0.680   13849.197
       0.685   13841.469
       0.690   13833.396
       0.695   13825.221
       0.700   13816.711
       0.705   13808.073
       0.710   13799.102
       0.715   13789.990
       0.720   13780.532
       0.725   13770.914
       0.730   13760.914
       0.735   13750.718
       0.740   13740.179
       0.745   13729.402
       0.750   13718.240
       0.755   13706.904
       0.760   13695.095
       0.765   13683.038
       0.770   13670.599
       0.775   13657.830
       0.780   13644.727
       0.785   13631.321
       0.790   13617.468
       0.795   13603.356
       0.800   13588.806
       0.805   13573.938
       0.810   13558.670
       0.815   13543.066
       0.820   13527.102
       0.825   13510.774
       0.830   13494.118
       0.835   13477.841
       0.840   13460.340
       0.845   13442.311
       0.850   13424.649
       0.855   13406.070
       0.860   13387.809
       0.865   13368.661
       0.870   13349.812
       0.875   13330.315
       0.880   13310.880
       0.885   13291.137
       0.890   13271.250
       0.895   13251.009
       0.900   13230.741
       0.905   13210.182
       0.910   13189.743
       0.915   13168.809
       0.920   13147.995
       0.925   13126.748
       0.930   13105.836
       0.935   13084.327
       0.940   13062.923
       0.945   13041.345
       0.950   13019.706
       0.955   12997.911
       0.960   12976.145
       0.965   12954.217
       0.970   12932.169
       0.975   12909.923
       0.980   12887.733
       0.985   12865.299
       0.990   12842.703
       0.995   12820.156
       1.000   12797.420
