 
       0.005     937.648
       0.010    1874.265
       0.015    2809.853
       0.020    3744.414
       0.025    4677.950
       0.030    5610.461
       0.035    6541.950
       0.040    7472.417
       0.045    8213.392
       0.050    9036.764
       0.055    9810.724
       0.060   10508.213
       0.065   11108.832
       0.070   11603.274
       0.075   11994.421
       0.080   12294.387
       0.085   12520.849
       0.090   12692.920
       0.095   12827.866
       0.100   12939.216
       0.105   13036.125
       0.110   13123.767
       0.115   13204.315
       0.120   13278.102
       0.125   13344.678
       0.130   13403.583
       0.135   13454.786
       0.140   13498.820
       0.145   13536.693
       0.150   13569.675
       0.155   13599.050
       0.160   13625.919
       0.165   13651.066
       0.170   13674.925
       0.175   13697.609
       0.180   13718.991
       0.185   13738.815
       0.190   13756.800
       0.195   13772.734
       0.200   13786.527
       0.205   13798.242
       0.210   13808.081
       0.215   13816.355
       0.220   13823.426
       0.225   13829.644
       0.230   13835.300
       0.235   13840.610
       0.240   13845.707
       0.245   13850.648
       0.250   13855.412
       0.255   13859.912
       0.260   13864.017
       0.265   13867.571
       0.270   13870.415
       0.275   13872.398
       0.280   13873.392
       0.285   13873.319
       0.290   13871.640
       0.295   13869.581
       0.300   13868.112
       0.305   13865.782
       0.310   13863.056
       0.315   13860.148
       0.320   13856.580
       0.325   13852.549
       0.330   13847.887
       0.335   13843.022
       0.340   13836.786
       0.345   13830.557
       0.350   13825.006
       0.355   13818.269
       0.360   13811.205
       0.365   13803.899
       0.370   13796.255
       0.375   13788.411
       0.380   13780.181
       0.385   13771.731
       0.390   13762.955
       0.395   13753.984
       0.400   13744.719
       0.405   13735.245
       0.410   13725.509
       0.415   13715.603
       0.420   13705.539
       0.425   13695.276
       0.430   13684.916
       0.435   13674.358
       0.440   13663.702
       0.445   13652.872
       0.450   13641.942
       0.455   13630.885
       0.460   13619.778
       0.465   13608.538
       0.470   13597.245
       0.475   13585.945
       0.480   13574.486
       0.485   13563.112
       0.490   13551.510
       0.495   13540.000
       0.500   13528.336
       0.505   13516.755
       0.510   13505.013
       0.515   13493.384
       0.520   13481.649
       0.525   13469.977
       0.530   13458.175
       0.535   13446.474
       0.540   13434.638
       0.545   13422.882
       0.550   13411.030
       0.555   13399.242
       0.560   13387.374
       0.565   13375.568
       0.570   13363.701
       0.575   13351.862
       0.580   13339.944
       0.585   13328.059
       0.590   13316.101
       0.595   13304.153
       0.600   13292.260
       0.605   13280.698
       0.610   13268.548
       0.615   13256.659
       0.620   13244.822
       0.625   13232.801
       0.630   13220.485
       0.635   13208.413
       0.640   13196.152
       0.645   13184.037
       0.650   13171.563
       0.655   13159.361
       0.660   13146.909
       0.665   13134.636
       0.670   13122.063
       0.675   13109.712
       0.680   13097.005
       0.685   13084.594
       0.690   13071.659
       0.695   13058.984
       0.700   13046.072
       0.705   13033.239
       0.710   13020.244
       0.715   13007.465
       0.720   12994.261
       0.725   12981.081
       0.730   12967.837
       0.735   12954.718
       0.740   12941.062
       0.745   12927.751
       0.750   12914.075
       0.755   12900.559
       0.760   12886.683
       0.765   12873.026
       0.770   12858.982
       0.775   12844.747
       0.780   12830.882
       0.785   12816.558
       0.790   12802.141
       0.795   12787.818
       0.800   12773.245
       0.805   12758.818
       0.810   12743.888
       0.815   12729.262
       0.820   12714.064
       0.825   12699.048
       0.830   12683.737
       0.835   12668.579
       0.840   12652.982
       0.845   12637.594
       0.850   12621.713
       0.855   12605.953
       0.860   12589.858
       0.865   12573.956
       0.870   12557.460
       0.875   12541.180
       0.880   12524.516
       0.885   12507.838
       0.890   12490.946
       0.895   12474.027
       0.900   12456.694
       0.905   12439.489
       0.910   12421.867
       0.915   12404.312
       0.920   12386.348
       0.925   12368.457
       0.930   12350.114
       0.935   12331.691
       0.940   12313.055
       0.945   12294.411
       0.950   12275.332
       0.955   12256.335
       0.960   12236.830
       0.965   12217.388
       0.970   12197.437
       0.975   12177.451
       0.980   12157.101
       0.985   12136.659
       0.990   12115.824
       0.995   12096.755
       1.000   12075.275
