 
       0.005     937.648
       0.010    1874.265
       0.015    2809.853
       0.020    3744.414
       0.025    4677.950
       0.030    5610.461
       0.035    6541.950
       0.040    7472.417
       0.045    8213.432
       0.050    9036.860
       0.055    9810.960
       0.060   10508.782
       0.065   11110.007
       0.070   11605.561
       0.075   11998.311
       0.080   12300.377
       0.085   12529.334
       0.090   12704.144
       0.095   12841.959
       0.100   12956.231
       0.105   13056.092
       0.110   13146.732
       0.115   13230.353
       0.120   13307.314
       0.125   13377.173
       0.130   13439.461
       0.135   13494.127
       0.140   13541.672
       0.145   13583.078
       0.150   13619.592
       0.155   13652.490
       0.160   13682.875
       0.165   13711.544
       0.170   13738.943
       0.175   13765.200
       0.180   13790.197
       0.185   13813.684
       0.190   13835.378
       0.195   13855.060
       0.200   13872.633
       0.205   13888.143
       0.210   13901.778
       0.215   13913.830
       0.220   13924.645
       0.225   13934.572
       0.230   13943.919
       0.235   13952.922
       0.240   13961.737
       0.245   13970.431
       0.250   13978.987
       0.255   13987.326
       0.260   13995.322
       0.265   14002.835
       0.270   14009.731
       0.275   14015.905
       0.280   14021.297
       0.285   14025.896
       0.290   14029.747
       0.295   14032.938
       0.300   14035.588
       0.305   14037.824
       0.310   14039.756
       0.315   14041.472
       0.320   14043.034
       0.325   14044.487
       0.330   14045.860
       0.335   14047.169
       0.340   14048.417
       0.345   14049.588
       0.350   14050.658
       0.355   14051.595
       0.360   14052.367
       0.365   14052.951
       0.370   14053.337
       0.375   14053.532
       0.380   14053.558
       0.385   14053.444
       0.390   14053.221
       0.395   14052.912
       0.400   14052.532
       0.405   14052.087
       0.410   14051.578
       0.415   14051.001
       0.420   14050.350
       0.425   14049.617
       0.430   14048.793
       0.435   14047.868
       0.440   14046.830
       0.445   14045.673
       0.450   14044.394
       0.455   14043.003
       0.460   14041.331
       0.465   14039.423
       0.470   14038.009
       0.475   14036.028
       0.480   14033.910
       0.485   14032.466
       0.490   14030.421
       0.495   14027.795
       0.500   14025.706
       0.505   14022.943
       0.510   14020.393
       0.515   14014.562
       0.520   14014.492
       0.525   14011.914
       0.530   14009.087
       0.535   14006.364
       0.540   14002.900
       0.545   13999.876
       0.550   13996.513
       0.555   13992.535
       0.560   13988.805
       0.565   13985.193
       0.570   13980.977
       0.575   13977.030
       0.580   13972.922
       0.585   13968.641
       0.590   13964.752
       0.595   13959.793
       0.600   13955.454
       0.605   13950.418
       0.610   13945.792
       0.615   13940.442
       0.620   13935.423
       0.625   13930.031
       0.630   13924.578
       0.635   13918.998
       0.640   13913.282
       0.645   13907.324
       0.650   13901.351
       0.655   13895.113
       0.660   13888.845
       0.665   13882.268
       0.670   13875.640
       0.675   13868.755
       0.680   13861.778
       0.685   13854.503
       0.690   13847.172
       0.695   13839.462
       0.700   13831.687
       0.705   13823.573
       0.710   13815.338
       0.715   13806.762
       0.720   13798.048
       0.725   13788.975
       0.730   13779.709
       0.735   13770.062
       0.740   13760.185
       0.745   13749.924
       0.750   13739.383
       0.755   13728.422
       0.760   13717.150
       0.765   13705.430
       0.770   13693.341
       0.775   13680.795
       0.780   13667.821
       0.785   13654.354
       0.790   13640.416
       0.795   13625.947
       0.800   13610.997
       0.805   13595.350
       0.810   13579.269
       0.815   13562.451
       0.820   13545.054
       0.825   13527.024
       0.830   13508.348
       0.835   13488.977
       0.840   13469.072
       0.845   13448.552
       0.850   13427.279
       0.855   13404.378
       0.860   13382.237
       0.865   13357.984
       0.870   13334.110
       0.875   13309.213
       0.880   13283.877
       0.885   13257.803
       0.890   13231.540
       0.895   13204.192
       0.900   13176.921
       0.905   13148.978
       0.910   13120.927
       0.915   13092.233
       0.920   13063.318
       0.925   13034.185
       0.930   13004.812
       0.935   12975.132
       0.940   12945.256
       0.945   12915.204
       0.950   12884.952
       0.955   12854.532
       0.960   12823.776
       0.965   12793.072
       0.970   12762.058
       0.975   12733.771
       0.980   12701.534
       0.985   12670.186
       0.990   12638.275
       0.995   12606.280
       1.000   12573.513
