 
       0.005     937.648
       0.010    1874.265
       0.015    2809.853
       0.020    3744.414
       0.025    4677.950
       0.030    5610.461
       0.035    6541.950
       0.040    7472.417
       0.045    8213.432
       0.050    9036.859
       0.055    9810.957
       0.060   10508.775
       0.065   11109.992
       0.070   11605.532
       0.075   11998.261
       0.080   12300.299
       0.085   12529.224
       0.090   12703.997
       0.095   12841.773
       0.100   12956.004
       0.105   13055.822
       0.110   13146.419
       0.115   13229.994
       0.120   13306.907
       0.125   13376.716
       0.130   13438.951
       0.135   13493.562
       0.140   13541.051
       0.145   13582.398
       0.150   13618.852
       0.155   13651.690
       0.160   13682.013
       0.165   13710.618
       0.170   13737.952
       0.175   13764.142
       0.180   13789.071
       0.185   13812.486
       0.190   13834.107
       0.195   13853.714
       0.200   13871.208
       0.205   13886.639
       0.210   13900.193
       0.215   13912.162
       0.220   13922.893
       0.225   13932.735
       0.230   13941.995
       0.235   13950.910
       0.240   13959.634
       0.245   13968.234
       0.250   13976.695
       0.255   13984.935
       0.260   13992.831
       0.265   14000.240
       0.270   14007.028
       0.275   14013.092
       0.280   14018.369
       0.285   14022.851
       0.290   14026.581
       0.295   14029.650
       0.300   14032.178
       0.305   14034.291
       0.310   14036.102
       0.315   14037.697
       0.320   14039.138
       0.325   14040.465
       0.330   14041.708
       0.335   14042.881
       0.340   14043.985
       0.345   14045.007
       0.350   14045.920
       0.355   14046.693
       0.360   14047.294
       0.365   14047.699
       0.370   14047.900
       0.375   14047.907
       0.380   14047.744
       0.385   14047.444
       0.390   14047.036
       0.395   14046.545
       0.400   14045.982
       0.405   14045.350
       0.410   14044.645
       0.415   14043.859
       0.420   14042.980
       0.425   14041.994
       0.430   14040.885
       0.435   14039.634
       0.440   14038.229
       0.445   14036.225
       0.450   14033.844
       0.455   14032.701
       0.460   14030.218
       0.465   14028.425
       0.470   14026.788
       0.475   14023.973
       0.480   14021.612
       0.485   14017.783
       0.490   14016.055
       0.495   14012.623
       0.500   14009.843
       0.505   14007.518
       0.510   14003.350
       0.515   13999.375
       0.520   13996.913
       0.525   13993.240
       0.530   13989.509
       0.535   13985.133
       0.540   13981.104
       0.545   13976.479
       0.550   13972.011
       0.555   13967.033
       0.560   13962.537
       0.565   13957.435
       0.570   13952.243
       0.575   13946.727
       0.580   13941.303
       0.585   13935.572
       0.590   13929.853
       0.595   13923.681
       0.600   13917.474
       0.605   13911.042
       0.610   13904.655
       0.615   13897.688
       0.620   13890.781
       0.625   13883.569
       0.630   13876.308
       0.635   13868.742
       0.640   13861.107
       0.645   13853.143
       0.650   13845.109
       0.655   13836.783
       0.660   13828.347
       0.665   13819.628
       0.670   13810.814
       0.675   13801.658
       0.680   13792.415
       0.685   13782.859
       0.690   13773.200
       0.695   13763.266
       0.700   13753.210
       0.705   13742.899
       0.710   13732.424
       0.715   13721.807
       0.720   13710.862
       0.725   13699.822
       0.730   13688.483
       0.735   13677.053
       0.740   13665.348
       0.745   13653.583
       0.750   13641.497
       0.755   13629.332
       0.760   13616.944
       0.765   13604.491
       0.770   13591.778
       0.775   13578.983
       0.780   13565.970
       0.785   13552.896
       0.790   13539.605
       0.795   13526.225
       0.800   13512.689
       0.805   13499.045
       0.810   13485.576
       0.815   13472.210
       0.820   13457.884
       0.825   13443.687
       0.830   13429.851
       0.835   13415.288
       0.840   13401.206
       0.845   13386.478
       0.850   13372.131
       0.855   13357.443
       0.860   13342.808
       0.865   13327.847
       0.870   13313.083
       0.875   13297.991
       0.880   13283.022
       0.885   13267.768
       0.890   13252.706
       0.895   13237.274
       0.900   13221.849
       0.905   13206.464
       0.910   13190.794
       0.915   13175.596
       0.920   13159.636
       0.925   13144.009
       0.930   13128.176
       0.935   13112.404
       0.940   13096.390
       0.945   13080.217
       0.950   13064.188
       0.955   13047.954
       0.960   13031.817
       0.965   13015.357
       0.970   12999.049
       0.975   12982.590
       0.980   12966.083
       0.985   12949.375
       0.990   12932.796
       0.995   12915.823
       1.000   12898.994
