 
       0.005     937.648
       0.010    1874.265
       0.015    2809.853
       0.020    3744.414
       0.025    4677.950
       0.030    5610.461
       0.035    6541.950
       0.040    7472.417
       0.045    8213.359
       0.050    9036.687
       0.055    9810.536
       0.060   10507.763
       0.065   11107.884
       0.070   11601.456
       0.075   11991.339
       0.080   12289.652
       0.085   12514.170
       0.090   12684.120
       0.095   12816.869
       0.100   12925.999
       0.105   13020.685
       0.110   13106.090
       0.115   13184.365
       0.120   13255.824
       0.125   13320.012
       0.130   13376.476
       0.135   13425.207
       0.140   13466.759
       0.145   13502.162
       0.150   13532.700
       0.155   13559.665
       0.160   13584.153
       0.165   13606.942
       0.170   13628.454
       0.175   13648.791
       0.180   13667.821
       0.185   13685.284
       0.190   13700.901
       0.195   13714.463
       0.200   13725.885
       0.205   13735.238
       0.210   13742.738
       0.215   13748.715
       0.220   13753.553
       0.225   13757.608
       0.230   13761.156
       0.235   13764.378
       0.240   13767.381
       0.245   13770.206
       0.250   13772.822
       0.255   13775.131
       0.260   13776.966
       0.265   13778.088
       0.270   13778.125
       0.275   13776.185
       0.280   13773.337
       0.285   13769.066
       0.290   13763.182
       0.295   13760.719
       0.300   13752.207
       0.305   13747.188
       0.310   13740.047
       0.315   13732.622
       0.320   13724.811
       0.325   13716.571
       0.330   13707.901
       0.335   13698.702
       0.340   13689.191
       0.345   13679.346
       0.350   13669.282
       0.355   13658.955
       0.360   13648.419
       0.365   13637.673
       0.370   13626.750
       0.375   13615.657
       0.380   13604.382
       0.385   13592.980
       0.390   13581.409
       0.395   13569.788
       0.400   13558.062
       0.405   13546.347
       0.410   13534.523
       0.415   13522.738
       0.420   13510.828
       0.425   13498.900
       0.430   13486.886
       0.435   13475.005
       0.440   13462.928
       0.445   13451.073
       0.450   13439.030
       0.455   13427.171
       0.460   13415.222
       0.465   13403.358
       0.470   13391.406
       0.475   13379.567
       0.480   13367.665
       0.485   13355.856
       0.490   13344.017
       0.495   13332.266
       0.500   13320.477
       0.505   13308.743
       0.510   13297.002
       0.515   13285.272
       0.520   13273.515
       0.525   13261.796
       0.530   13250.055
       0.535   13238.360
       0.540   13226.639
       0.545   13214.964
       0.550   13203.240
       0.555   13191.545
       0.560   13179.797
       0.565   13168.518
       0.570   13156.742
       0.575   13145.071
       0.580   13133.195
       0.585   13121.510
       0.590   13109.514
       0.595   13097.887
       0.600   13085.775
       0.605   13074.043
       0.610   13061.804
       0.615   13049.992
       0.620   13037.680
       0.625   13025.733
       0.630   13013.379
       0.635   13001.336
       0.640   12988.892
       0.645   12976.752
       0.650   12964.043
       0.655   12951.691
       0.660   12939.048
       0.665   12926.473
       0.670   12913.741
       0.675   12901.064
       0.680   12888.116
       0.685   12875.133
       0.690   12862.218
       0.695   12849.117
       0.700   12835.944
       0.705   12822.747
       0.710   12809.275
       0.715   12795.937
       0.720   12782.255
       0.725   12768.547
       0.730   12754.750
       0.735   12741.064
       0.740   12726.873
       0.745   12712.802
       0.750   12698.635
       0.755   12684.117
       0.760   12669.912
       0.765   12655.232
       0.770   12640.615
       0.775   12625.797
       0.780   12610.949
       0.785   12595.845
       0.790   12580.467
       0.795   12565.240
       0.800   12549.835
       0.805   12534.041
       0.810   12518.472
       0.815   12502.536
       0.820   12486.423
       0.825   12470.455
       0.830   12454.002
       0.835   12437.281
       0.840   12420.782
       0.845   12403.812
       0.850   12386.817
       0.855   12369.572
       0.860   12352.307
       0.865   12334.630
       0.870   12317.013
       0.875   12299.074
       0.880   12281.006
       0.885   12262.652
       0.890   12244.066
       0.895   12225.399
       0.900   12206.457
       0.905   12187.486
       0.910   12167.924
       0.915   12148.475
       0.920   12128.608
       0.925   12108.534
       0.930   12088.230
       0.935   12067.672
       0.940   12046.842
       0.945   12025.731
       0.950   12004.336
       0.955   11982.704
       0.960   11960.762
       0.965   11938.602
       0.970   11915.995
       0.975   11893.216
       0.980   11872.088
       0.985   11848.604
       0.990   11825.193
       0.995   11800.836
       1.000   11776.744
