 
       0.005     937.648
       0.010    1874.265
       0.015    2809.853
       0.020    3744.414
       0.025    4677.950
       0.030    5610.461
       0.035    6541.950
       0.040    7472.417
       0.045    8213.432
       0.050    9036.860
       0.055    9810.960
       0.060   10508.781
       0.065   11110.005
       0.070   11605.557
       0.075   11998.303
       0.080   12300.365
       0.085   12529.318
       0.090   12704.122
       0.095   12841.931
       0.100   12956.197
       0.105   13056.051
       0.110   13146.685
       0.115   13230.298
       0.120   13307.252
       0.125   13377.102
       0.130   13439.382
       0.135   13494.039
       0.140   13541.576
       0.145   13582.972
       0.150   13619.476
       0.155   13652.364
       0.160   13682.738
       0.165   13711.396
       0.170   13738.784
       0.175   13765.030
       0.180   13790.015
       0.185   13813.489
       0.190   13835.170
       0.195   13854.840
       0.200   13872.398
       0.205   13887.894
       0.210   13901.515
       0.215   13913.551
       0.220   13924.351
       0.225   13934.262
       0.230   13943.593
       0.235   13952.580
       0.240   13961.378
       0.245   13970.053
       0.250   13978.591
       0.255   13986.911
       0.260   13994.887
       0.265   14002.380
       0.270   14009.254
       0.275   14015.406
       0.280   14020.775
       0.285   14025.350
       0.290   14029.177
       0.295   14032.343
       0.300   14034.967
       0.305   14037.177
       0.310   14039.083
       0.315   14040.773
       0.320   14042.309
       0.325   14043.735
       0.330   14045.079
       0.335   14046.359
       0.340   14047.574
       0.345   14048.712
       0.350   14049.747
       0.355   14050.647
       0.360   14051.380
       0.365   14051.923
       0.370   14052.266
       0.375   14052.417
       0.380   14052.398
       0.385   14052.240
       0.390   14051.972
       0.395   14051.619
       0.400   14051.194
       0.405   14050.704
       0.410   14050.147
       0.415   14049.519
       0.420   14048.813
       0.425   14048.019
       0.430   14047.126
       0.435   14046.123
       0.440   14044.998
       0.445   14043.742
       0.450   14042.356
       0.455   14040.529
       0.460   14038.845
       0.465   14037.183
       0.470   14034.916
       0.475   14033.420
       0.480   14031.131
       0.485   14028.638
       0.490   14026.299
       0.495   14024.279
       0.500   14021.926
       0.505   14014.840
       0.510   14015.974
       0.515   14013.121
       0.520   14009.899
       0.525   14006.979
       0.530   14003.023
       0.535   14000.517
       0.540   13997.750
       0.545   13993.206
       0.550   13990.087
       0.555   13985.730
       0.560   13982.033
       0.565   13977.038
       0.570   13973.310
       0.575   13968.390
       0.580   13963.983
       0.585   13958.774
       0.590   13953.942
       0.595   13948.738
       0.600   13943.361
       0.605   13937.827
       0.610   13932.198
       0.615   13926.324
       0.620   13920.322
       0.625   13914.115
       0.630   13907.689
       0.635   13901.057
       0.640   13894.308
       0.645   13887.233
       0.650   13880.074
       0.655   13872.572
       0.660   13864.944
       0.665   13856.961
       0.670   13848.831
       0.675   13840.354
       0.680   13831.680
       0.685   13822.630
       0.690   13813.377
       0.695   13803.708
       0.700   13793.810
       0.705   13783.504
       0.710   13772.918
       0.715   13761.923
       0.720   13750.610
       0.725   13738.840
       0.730   13726.691
       0.735   13714.102
       0.740   13701.070
       0.745   13687.584
       0.750   13673.663
       0.755   13659.168
       0.760   13644.238
       0.765   13628.761
       0.770   13612.814
       0.775   13596.236
       0.780   13579.183
       0.785   13561.571
       0.790   13543.388
       0.795   13524.656
       0.800   13505.365
       0.805   13485.738
       0.810   13465.809
       0.815   13444.164
       0.820   13422.836
       0.825   13400.883
       0.830   13378.290
       0.835   13355.223
       0.840   13332.351
       0.845   13308.147
       0.850   13284.362
       0.855   13259.592
       0.860   13235.423
       0.865   13209.677
       0.870   13184.428
       0.875   13158.798
       0.880   13132.961
       0.885   13106.870
       0.890   13080.728
       0.895   13054.180
       0.900   13027.611
       0.905   13000.865
       0.910   12974.083
       0.915   12947.029
       0.920   12919.980
       0.925   12892.725
       0.930   12868.257
       0.935   12839.626
       0.940   12813.330
       0.945   12784.553
       0.950   12756.545
       0.955   12728.019
       0.960   12699.719
       0.965   12671.615
       0.970   12642.895
       0.975   12614.474
       0.980   12585.559
       0.985   12556.843
       0.990   12527.533
       0.995   12498.463
       1.000   12468.998
