 
       0.005     937.648
       0.010    1874.265
       0.015    2809.853
       0.020    3744.414
       0.025    4677.950
       0.030    5610.461
       0.035    6541.950
       0.040    7472.417
       0.045    8213.419
       0.050    9036.828
       0.055    9810.881
       0.060   10508.591
       0.065   11109.604
       0.070   11604.784
       0.075   11996.984
       0.080   12298.324
       0.085   12526.412
       0.090   12700.256
       0.095   12837.049
       0.100   12950.268
       0.105   13049.051
       0.110   13138.585
       0.115   13221.060
       0.120   13296.824
       0.125   13365.431
       0.130   13426.416
       0.135   13479.731
       0.140   13525.891
       0.145   13565.884
       0.150   13600.968
       0.155   13632.421
       0.160   13661.345
       0.165   13688.531
       0.170   13714.422
       0.175   13739.138
       0.180   13762.559
       0.185   13784.430
       0.190   13804.469
       0.195   13822.458
       0.200   13838.303
       0.205   13852.056
       0.210   13863.911
       0.215   13874.166
       0.220   13883.175
       0.225   13891.284
       0.230   13898.798
       0.235   13905.943
       0.240   13912.868
       0.245   13919.633
       0.250   13926.221
       0.255   13932.547
       0.260   13938.485
       0.265   13943.888
       0.270   13948.617
       0.275   13952.557
       0.280   13955.634
       0.285   13957.830
       0.290   13959.191
       0.295   13959.837
       0.300   13959.948
       0.305   13959.704
       0.310   13959.223
       0.315   13958.552
       0.320   13957.669
       0.325   13956.228
       0.330   13954.447
       0.335   13952.386
       0.340   13949.550
       0.345   13946.714
       0.350   13936.589
       0.355   13938.877
       0.360   13934.650
       0.365   13929.664
       0.370   13924.315
       0.375   13918.408
       0.380   13911.772
       0.385   13904.761
       0.390   13897.330
       0.395   13889.266
       0.400   13880.678
       0.405   13871.414
       0.410   13861.589
       0.415   13851.134
       0.420   13840.068
       0.425   13828.337
       0.430   13815.951
       0.435   13802.925
       0.440   13789.258
       0.445   13774.917
       0.450   13759.856
       0.455   13744.056
       0.460   13727.513
       0.465   13710.279
       0.470   13692.330
       0.475   13673.691
       0.480   13654.404
       0.485   13634.354
       0.490   13613.633
       0.495   13592.217
       0.500   13570.151
       0.505   13547.441
       0.510   13524.179
       0.515   13500.323
       0.520   13475.991
       0.525   13451.145
       0.530   13425.865
       0.535   13400.154
       0.540   13374.058
       0.545   13347.623
       0.550   13321.021
       0.555   13294.393
       0.560   13267.153
       0.565   13240.089
       0.570   13212.619
       0.575   13185.241
       0.580   13157.418
       0.585   13129.847
       0.590   13102.158
       0.595   13074.536
       0.600   13046.646
       0.605   13018.920
       0.610   12991.360
       0.615   12963.859
       0.620   12936.371
       0.625   12908.939
       0.630   12881.679
       0.635   12854.339
       0.640   12827.190
       0.645   12800.041
       0.650   12773.035
       0.655   12748.832
       0.660   12721.433
       0.665   12694.865
       0.670   12667.606
       0.675   12641.059
       0.680   12614.535
       0.685   12588.103
       0.690   12561.635
       0.695   12535.627
       0.700   12509.618
       0.705   12483.384
       0.710   12457.768
       0.715   12431.536
       0.720   12405.566
       0.725   12379.966
       0.730   12354.234
       0.735   12328.753
       0.740   12302.911
       0.745   12277.631
       0.750   12252.122
       0.755   12226.787
       0.760   12201.286
       0.765   12175.871
       0.770   12150.604
       0.775   12125.031
       0.780   12099.701
       0.785   12074.160
       0.790   12048.755
       0.795   12023.133
       0.800   11997.537
       0.805   11971.773
       0.810   11945.912
       0.815   11919.992
       0.820   11893.817
       0.825   11867.517
       0.830   11841.218
       0.835   11814.734
       0.840   11788.047
       0.845   11761.324
       0.850   11734.301
       0.855   11707.100
       0.860   11679.679
       0.865   11651.717
       0.870   11623.564
       0.875   11595.342
       0.880   11566.841
       0.885   11538.162
       0.890   11509.125
       0.895   11479.425
       0.900   11449.636
       0.905   11419.658
       0.910   11389.273
       0.915   11358.556
       0.920   11327.542
       0.925   11296.375
       0.930   11264.692
       0.935   11232.593
       0.940   11200.240
       0.945   11167.458
       0.950   11134.524
       0.955   11101.076
       0.960   11067.253
       0.965   11033.193
       0.970   10998.674
       0.975   10963.747
       0.980   10928.599
       0.985   10892.622
       0.990   10856.607
       0.995   10820.021
       1.000   10783.005
