 
       0.005     937.648
       0.010    1874.265
       0.015    2809.853
       0.020    3744.414
       0.025    4677.950
       0.030    5610.461
       0.035    6541.950
       0.040    7472.417
       0.045    8213.412
       0.050    9036.812
       0.055    9810.844
       0.060   10508.501
       0.065   11109.422
       0.070   11604.433
       0.075   11996.395
       0.080   12297.431
       0.085   12525.169
       0.090   12698.645
       0.095   12835.068
       0.100   12947.928
       0.105   13046.367
       0.110   13135.569
       0.115   13217.722
       0.120   13293.171
       0.125   13361.472
       0.130   13422.162
       0.135   13475.196
       0.140   13521.095
       0.145   13560.850
       0.150   13595.720
       0.155   13626.986
       0.160   13655.749
       0.165   13682.800
       0.170   13708.579
       0.175   13733.208
       0.180   13756.565
       0.185   13778.395
       0.190   13798.420
       0.195   13816.423
       0.200   13832.309
       0.205   13846.134
       0.210   13858.091
       0.215   13868.480
       0.220   13877.651
       0.225   13885.954
       0.230   13893.689
       0.235   13901.087
       0.240   13908.295
       0.245   13915.376
       0.250   13922.314
       0.255   13929.026
       0.260   13935.385
       0.265   13941.251
       0.270   13946.487
       0.275   13950.986
       0.280   13954.686
       0.285   13957.577
       0.290   13959.712
       0.295   13961.203
       0.300   13962.201
       0.305   13962.855
       0.310   13963.283
       0.315   13963.551
       0.320   13963.690
       0.325   13963.708
       0.330   13963.605
       0.335   13963.375
       0.340   13963.007
       0.345   13962.477
       0.350   13961.753
       0.355   13960.799
       0.360   13959.598
       0.365   13957.525
       0.370   13955.290
       0.375   13954.675
       0.380   13952.092
       0.385   13950.363
       0.390   13949.019
       0.395   13945.765
       0.400   13944.299
       0.405   13940.593
       0.410   13931.700
       0.415   13934.619
       0.420   13931.562
       0.425   13927.719
       0.430   13923.985
       0.435   13920.541
       0.440   13917.605
       0.445   13913.541
       0.450   13909.432
       0.455   13905.618
       0.460   13900.773
       0.465   13896.783
       0.470   13891.559
       0.475   13887.599
       0.480   13882.499
       0.485   13877.717
       0.490   13872.377
       0.495   13867.572
       0.500   13862.123
       0.505   13857.102
       0.510   13851.255
       0.515   13845.843
       0.520   13840.147
       0.525   13834.417
       0.530   13828.829
       0.535   13822.640
       0.540   13816.752
       0.545   13810.601
       0.550   13804.537
       0.555   13798.221
       0.560   13791.982
       0.565   13785.502
       0.570   13779.091
       0.575   13772.458
       0.580   13765.913
       0.585   13759.118
       0.590   13752.426
       0.595   13745.458
       0.600   13738.629
       0.605   13731.525
       0.610   13724.543
       0.615   13717.335
       0.620   13710.215
       0.625   13702.836
       0.630   13695.547
       0.635   13688.044
       0.640   13680.590
       0.645   13672.952
       0.650   13665.427
       0.655   13657.597
       0.660   13649.881
       0.665   13641.931
       0.670   13634.056
       0.675   13625.967
       0.680   13617.970
       0.685   13609.721
       0.690   13601.547
       0.695   13593.154
       0.700   13584.857
       0.705   13576.276
       0.710   13567.818
       0.715   13559.108
       0.720   13550.470
       0.725   13541.631
       0.730   13532.842
       0.735   13523.862
       0.740   13514.901
       0.745   13505.746
       0.750   13496.661
       0.755   13487.309
       0.760   13478.042
       0.765   13468.552
       0.770   13459.127
       0.775   13449.435
       0.780   13439.830
       0.785   13430.717
       0.790   13421.191
       0.795   13410.896
       0.800   13401.194
       0.805   13390.852
       0.810   13380.450
       0.815   13370.181
       0.820   13360.482
       0.825   13349.546
       0.830   13339.326
       0.835   13328.384
       0.840   13317.868
       0.845   13306.732
       0.850   13295.913
       0.855   13284.755
       0.860   13273.936
       0.865   13262.414
       0.870   13251.552
       0.875   13239.930
       0.880   13228.403
       0.885   13216.989
       0.890   13205.239
       0.895   13193.055
       0.900   13181.430
       0.905   13169.262
       0.910   13157.178
       0.915   13144.935
       0.920   13132.678
       0.925   13120.475
       0.930   13108.038
       0.935   13094.994
       0.940   13082.579
       0.945   13069.620
       0.950   13056.777
       0.955   13043.501
       0.960   13030.353
       0.965   13017.101
       0.970   13003.691
       0.975   12990.145
       0.980   12976.567
       0.985   12962.895
       0.990   12948.947
       0.995   12935.097
       1.000   12920.655
