 
       0.005     937.648
       0.010    1874.265
       0.015    2809.853
       0.020    3744.414
       0.025    4677.950
       0.030    5610.461
       0.035    6541.950
       0.040    7472.417
       0.045    8213.351
       0.050    9036.666
       0.055    9810.485
       0.060   10507.641
       0.065   11107.622
       0.070   11600.958
       0.075   11990.493
       0.080   12288.349
       0.085   12512.328
       0.090   12681.688
       0.095   12813.821
       0.100   12922.326
       0.105   13016.385
       0.110   13101.154
       0.115   13178.780
       0.120   13249.571
       0.125   13313.070
       0.130   13368.827
       0.135   13416.838
       0.140   13457.663
       0.145   13492.339
       0.150   13522.152
       0.155   13548.399
       0.160   13572.173
       0.165   13594.250
       0.170   13615.049
       0.175   13634.670
       0.180   13652.976
       0.185   13669.709
       0.190   13684.588
       0.195   13697.404
       0.200   13708.075
       0.205   13716.671
       0.210   13723.411
       0.215   13728.637
       0.220   13732.742
       0.225   13736.092
       0.230   13738.956
       0.235   13741.497
       0.240   13743.805
       0.245   13745.908
       0.250   13747.768
       0.255   13749.266
       0.260   13750.181
       0.265   13750.104
       0.270   13747.898
       0.275   13744.399
       0.280   13738.250
       0.285   13733.492
       0.290   13727.929
       0.295   13720.697
       0.300   13713.013
       0.305   13704.661
       0.310   13695.830
       0.315   13686.627
       0.320   13676.928
       0.325   13666.749
       0.330   13656.045
       0.335   13644.962
       0.340   13633.573
       0.345   13621.923
       0.350   13610.017
       0.355   13597.892
       0.360   13585.579
       0.365   13573.091
       0.370   13560.412
       0.375   13547.608
       0.380   13534.594
       0.385   13521.556
       0.390   13508.442
       0.395   13495.334
       0.400   13482.265
       0.405   13468.947
       0.410   13455.800
       0.415   13442.426
       0.420   13429.204
       0.425   13415.917
       0.430   13402.700
       0.435   13389.512
       0.440   13376.400
       0.445   13363.291
       0.450   13350.246
       0.455   13337.222
       0.460   13324.238
       0.465   13311.274
       0.470   13298.374
       0.475   13285.490
       0.480   13272.700
       0.485   13259.951
       0.490   13247.256
       0.495   13234.595
       0.500   13221.956
       0.505   13209.342
       0.510   13196.736
       0.515   13184.164
       0.520   13171.624
       0.525   13159.103
       0.530   13146.620
       0.535   13134.142
       0.540   13121.693
       0.545   13109.661
       0.550   13097.181
       0.555   13084.779
       0.560   13072.423
       0.565   13060.027
       0.570   13047.626
       0.575   13035.063
       0.580   13022.534
       0.585   13010.060
       0.590   12997.454
       0.595   12984.923
       0.600   12972.253
       0.605   12959.711
       0.610   12946.977
       0.615   12934.278
       0.620   12921.465
       0.625   12908.662
       0.630   12895.707
       0.635   12882.796
       0.640   12869.815
       0.645   12856.581
       0.650   12843.473
       0.655   12830.273
       0.660   12817.111
       0.665   12803.661
       0.670   12790.231
       0.675   12776.716
       0.680   12763.203
       0.685   12749.574
       0.690   12735.682
       0.695   12721.733
       0.700   12707.840
       0.705   12693.670
       0.710   12679.675
       0.715   12665.313
       0.720   12651.069
       0.725   12636.464
       0.730   12621.976
       0.735   12607.138
       0.740   12592.531
       0.745   12577.416
       0.750   12562.568
       0.755   12547.105
       0.760   12531.686
       0.765   12516.267
       0.770   12500.714
       0.775   12485.077
       0.780   12469.100
       0.785   12453.105
       0.790   12436.872
       0.795   12420.660
       0.800   12404.001
       0.805   12387.263
       0.810   12370.472
       0.815   12353.542
       0.820   12336.253
       0.825   12319.038
       0.830   12301.543
       0.835   12283.735
       0.840   12265.862
       0.845   12247.742
       0.850   12229.511
       0.855   12210.916
       0.860   12192.288
       0.865   12173.305
       0.870   12154.293
       0.875   12134.851
       0.880   12115.398
       0.885   12095.507
       0.890   12075.581
       0.895   12055.080
       0.900   12034.618
       0.905   12013.641
       0.910   11992.561
       0.915   11971.167
       0.920   11949.494
       0.925   11927.524
       0.930   11905.274
       0.935   11882.676
       0.940   11859.742
       0.945   11836.554
       0.950   11812.957
       0.955   11789.125
       0.960   11764.914
       0.965   11740.418
       0.970   11715.507
       0.975   11690.291
       0.980   11664.749
       0.985   11638.827
       0.990   11612.551
       0.995   11588.144
       1.000   11561.110
