 
       0.005     937.648
       0.010    1874.265
       0.015    2809.853
       0.020    3744.414
       0.025    4677.950
       0.030    5610.461
       0.035    6541.950
       0.040    7472.417
       0.045    8213.430
       0.050    9036.856
       0.055    9810.950
       0.060   10508.755
       0.065   11109.950
       0.070   11605.453
       0.075   11998.125
       0.080   12300.088
       0.085   12528.922
       0.090   12703.593
       0.095   12841.261
       0.100   12955.380
       0.105   13055.082
       0.110   13145.559
       0.115   13229.009
       0.120   13305.791
       0.125   13375.461
       0.130   13437.551
       0.135   13492.010
       0.140   13539.342
       0.145   13580.527
       0.150   13616.817
       0.155   13649.486
       0.160   13679.638
       0.165   13708.068
       0.170   13735.222
       0.175   13761.227
       0.180   13785.965
       0.185   13809.183
       0.190   13830.600
       0.195   13849.996
       0.200   13867.275
       0.205   13882.484
       0.210   13895.812
       0.215   13907.550
       0.220   13918.047
       0.225   13927.651
       0.230   13936.669
       0.235   13945.337
       0.240   13953.807
       0.245   13962.147
       0.250   13970.339
       0.255   13978.304
       0.260   13985.915
       0.265   13993.031
       0.270   13999.517
       0.275   14005.269
       0.280   14010.223
       0.285   14014.371
       0.290   14017.759
       0.295   14020.478
       0.300   14022.654
       0.305   14024.418
       0.310   14025.885
       0.315   14027.138
       0.320   14028.232
       0.325   14029.204
       0.330   14030.076
       0.335   14030.857
       0.340   14031.548
       0.345   14032.132
       0.350   14032.583
       0.355   14032.864
       0.360   14032.944
       0.365   14032.799
       0.370   14032.425
       0.375   14031.841
       0.380   14031.082
       0.385   14030.188
       0.390   14029.186
       0.395   14028.086
       0.400   14026.878
       0.405   14025.536
       0.410   14023.712
       0.415   14021.754
       0.420   14019.867
       0.425   14017.605
       0.430   14014.071
       0.435   14012.245
       0.440   14004.542
       0.445   14006.120
       0.450   14002.241
       0.455   13998.824
       0.460   13995.619
       0.465   13991.437
       0.470   13986.821
       0.475   13982.007
       0.480   13977.270
       0.485   13971.867
       0.490   13966.452
       0.495   13960.571
       0.500   13954.426
       0.505   13947.857
       0.510   13941.021
       0.515   13933.785
       0.520   13926.244
       0.525   13918.251
       0.530   13909.900
       0.535   13901.092
       0.540   13891.879
       0.545   13882.226
       0.550   13872.144
       0.555   13861.521
       0.560   13850.435
       0.565   13838.795
       0.570   13826.589
       0.575   13813.825
       0.580   13800.470
       0.585   13786.494
       0.590   13771.890
       0.595   13756.641
       0.600   13740.721
       0.605   13724.133
       0.610   13706.879
       0.615   13688.806
       0.620   13670.021
       0.625   13650.470
       0.630   13630.133
       0.635   13609.041
       0.640   13587.258
       0.645   13564.662
       0.650   13541.346
       0.655   13517.289
       0.660   13492.511
       0.665   13467.038
       0.670   13442.406
       0.675   13414.066
       0.680   13386.867
       0.685   13359.048
       0.690   13330.640
       0.695   13301.759
       0.700   13272.520
       0.705   13242.883
       0.710   13212.872
       0.715   13182.468
       0.720   13151.844
       0.725   13121.301
       0.730   13090.323
       0.735   13059.281
       0.740   13027.950
       0.745   12996.696
       0.750   12965.316
       0.755   12933.914
       0.760   12902.407
       0.765   12870.819
       0.770   12839.220
       0.775   12807.607
       0.780   12775.902
       0.785   12746.600
       0.790   12714.270
       0.795   12682.550
       0.800   12650.475
       0.805   12618.877
       0.810   12586.937
       0.815   12554.980
       0.820   12522.938
       0.825   12491.083
       0.830   12458.860
       0.835   12426.802
       0.840   12394.963
       0.845   12362.890
       0.850   12330.793
       0.855   12298.826
       0.860   12266.939
       0.865   12234.686
       0.870   12202.830
       0.875   12170.835
       0.880   12138.833
       0.885   12106.884
       0.890   12074.918
       0.895   12043.065
       0.900   12011.233
       0.905   11979.495
       0.910   11947.498
       0.915   11915.567
       0.920   11883.651
       0.925   11851.572
       0.930   11819.643
       0.935   11787.547
       0.940   11755.590
       0.945   11723.206
       0.950   11691.131
       0.955   11658.626
       0.960   11625.946
       0.965   11593.285
       0.970   11560.458
       0.975   11527.727
       0.980   11494.702
       0.985   11461.498
       0.990   11428.241
       0.995   11394.551
       1.000   11360.840
