0,0
0.000132390087392208,27.535542
0.000154520087392208,31.760335
0.000177070087392208,35.995896
0.000198760087392208,40.233326
0.000220390087392208,44.487691
0.000241940087392208,48.817069
0.000263170087392208,53.275975
0.000284720087392208,57.813491
0.000306540087392208,62.453224
0.000328030087392208,67.106206
0.000349750087392208,71.792922
0.000371690087392208,76.480702
0.000393480087392208,81.147754
0.000415480087392208,85.798273
0.000437690087392208,90.431533
0.000459970087392208,94.983596
0.000482230087392208,99.587648
0.000504250087392208,104.224479
0.000526430087392208,108.874518
0.000548450087392208,113.549438
0.000570790087392208,118.244421
0.000593130087392208,122.953535
0.000615540087392208,127.67211
0.000637880087392208,132.411843
0.000660270087392208,137.178738
0.000682790087392208,141.969221
0.000705520087392208,146.792885
0.000728270087392208,151.634762
0.000751060087392208,156.497807
0.000773920087392208,161.379197
0.000796990087392208,166.264189
0.000820090087392208,171.163006
0.000843390087392208,176.049877
0.000866840087392208,180.945358
0.000890090087392208,185.848053
0.000913540087392208,190.744623
0.000937030087392208,195.633698
0.000960570087392208,200.549443
0.000984290087392208,205.468171
0.00100792008739221,210.382147
0.00103171008739221,215.31243
0.00105542008739221,220.256006
0.00107917008739221,225.195824
0.00110306008739221,230.159487
0.00112705008739221,235.131195
0.00115111008739221,240.121312
0.00117507008739221,245.114138
0.00119919008739221,250.11648
0.00122324008739221,255.134624
0.00124726008739221,260.14634
0.00127131008739221,265.152002
0.00129547008739221,270.160523
0.00131964008739221,275.186777
0.00134390008739221,280.20487
0.00136815008739221,285.245129
0.00139241008739221,290.278478
0.00141692008739221,295.322388
0.00144133008739221,300.372487
0.00146582008739221,305.441927
0.00149033008739221,310.495615
0.00151495008739221,315.567375
0.00153943008739221,320.64797
0.00156398008739221,325.716117
0.00158867008739221,330.789304
0.00161322008739221,335.861555
0.00163790008739221,340.931169
0.00166266008739221,346.033284
0.00168742008739221,351.122017
0.00171225008739221,356.224206
0.00173713008739221,361.329515
0.00176210008739221,366.430825
0.00178703008739221,371.546795
0.00181211008739221,376.656136
0.00183719008739221,381.778318
0.00186234008739221,386.895143
0.00188760008739221,392.028255
0.00191287008739221,397.166469
0.00193822008739221,402.305481
0.00196370008739221,407.441754
0.00198913008739221,412.596042
0.00201474008739221,417.765337
0.00204032008739221,422.921372
0.00206589008739221,428.088603
0.00209168008739221,433.269316
0.00211749008739221,438.46383
0.00214336008739221,443.656716
0.00216927008739221,448.868683
0.00219513008739221,454.08624
0.00222118008739221,459.324053
0.00224705008739221,464.567364
0.00227305008739221,469.833878
0.00229931008739221,475.081896
0.00232551008739221,480.346616
0.00235183008739221,485.616995
0.00237813008739221,490.911055
0.00240453008739221,496.205548
0.00243093008739221,501.512374
0.00245747008739221,506.811132
0.00248407008739221,512.112754
0.00251061008739221,517.4341
0.00253720008739221,522.753608
0.00256401008739221,528.076413
0.00259067008739221,533.397924
0.00261750008739221,538.74058
0.00264426008739221,544.071373
0.00267111008739221,549.414396
0.00269802008739221,554.765272
0.00272502008739221,560.123283
0.00275210008739221,565.490783
0.00277925008739221,570.867481
0.00280641008739221,576.255697
0.00283357008739221,581.657038
0.00286088008739221,587.05676
0.00288811008739221,592.46033
0.00291532008739221,597.868964
0.00294270008739221,603.283811
0.00297013008739221,608.694937
0.00299750008739221,614.099781
0.00302490008739221,619.50697
0.00305246008739221,624.926045
0.00307995008739221,630.345266
0.00310755008739221,635.761046
0.00313546008739221,641.171956
0.00316326008739221,646.584527
0.00319088008739221,651.982293
0.00321863008739221,657.389035
0.00324641008739221,662.789003
0.00327431008739221,668.182453
0.00330224008739221,673.578881
0.00333028008739221,678.977674
0.00335844008739221,684.375544
0.00338642008739221,689.790976
0.00341450008739221,695.207311
0.00344259008739221,700.620675
0.00347074008739221,706.030786
0.00349881008739221,711.444714
0.00352713008739221,716.883675
0.00355531008739221,722.302096
0.00358364008739221,727.728034
0.00361195008739221,733.159946
0.00364026008739221,738.587352
0.00366876008739221,744.028977
0.00369724008739221,749.477989
0.00372572008739221,754.908897
0.00375417008739221,760.336844
0.00378275008739221,765.769828
0.00381129008739221,771.212089
0.00383987008739221,776.660172
0.00386848008739221,782.097484
0.00389720008739221,787.544487
0.00392594008739221,792.996181
0.00395487008739221,798.438196
0.00398373008739221,803.882833
0.00401264008739221,809.332926
0.00404145008739221,814.789908
0.00407029008739221,820.228838
0.00409910008739221,825.663527
0.00412815008739221,831.096573
0.00415710008739221,836.541465
0.00418606008739221,841.977566
0.00421518008739221,847.390606
0.00424432008739221,852.805859
0.00427358008739221,858.227344
0.00430274008739221,863.638429
0.00433200008739221,869.046543
0.00436119008739221,874.449966
0.00439066008739221,879.849879
0.00442010008739221,885.23183
0.00444964008739221,890.608431
0.00447908008739221,895.980061
0.00450856008739221,901.344074
0.00453822008739221,906.71047
0.00456794008739221,912.071626
0.00459764008739221,917.424149
0.00462735008739221,922.757547
0.00465710008739221,928.081153
0.00468707008739221,933.415389
0.00471700008739221,938.742612
0.00474699008739221,944.075923
0.00477703008739221,949.398416
0.00480709008739221,954.696607
0.00483735008739221,959.987684
0.00486765008739221,965.256043
0.00489810008739221,970.51498
0.00492846008739221,975.769294
0.00495880008739221,981.001086
0.00498947008739221,986.193946
0.00502032008739221,991.393413
0.00505109008739221,996.576928
0.00508197008739221,1001.740393
0.00511291008739221,1006.916857
0.00514402008739221,1012.064692
0.00517519008739221,1017.189872
0.00520644008739221,1022.330174
0.00523783008739221,1027.439547
0.00526923008739221,1032.561368
0.00530093008739221,1037.650086
0.00533265008739221,1042.711968
0.00536457008739221,1047.760964
0.00539651008739221,1052.784837
0.00542857008739221,1057.817529
0.00546087008739221,1062.828617
0.00549338008739221,1067.833037
0.00552607008739221,1072.812648
0.00555886008739221,1077.780203
0.00559172008739221,1082.722963
0.00562477008739221,1087.642996
0.00565808008739221,1092.561048
0.00569168008739221,1097.445942
0.00572517008739221,1102.314992
0.00575897008739221,1107.153203
0.00579299008739221,1111.958819
0.00582728008739221,1116.742668
0.00586169008739221,1121.506227
0.00589647008739221,1126.241277
0.00593133008739221,1130.976352
0.00596658008739221,1135.680209
0.00600204008739221,1140.344363
0.00603775008739221,1145.004289
0.00607364008739221,1149.638413
0.00610975008739221,1154.24322
0.00614614008739221,1158.819435
0.00618285008739221,1163.386132
0.00621970008739221,1167.909789
0.00625692008739221,1172.423505
0.00629436008739221,1176.891879
0.00633210008739221,1181.347335
0.00637018008739221,1185.764916
0.00640854008739221,1190.165481
0.00644721008739221,1194.518901
0.00648604008739221,1198.842703
0.00652528008739221,1203.134247
0.00656486008739221,1207.385532
0.00660467008739221,1211.600424
0.00664501008739221,1215.787527
0.00668553008739221,1219.938428
0.00672634008739221,1224.046343
0.00676770008739221,1228.118226
0.00680938008739221,1232.147201
0.00685136008739221,1236.158282
0.00689361008739221,1240.119137
0.00693625008739221,1244.043505
0.00697925008739221,1247.938186
0.00702275008739221,1251.804072
0.00706649008739221,1255.638927
0.00711052008739221,1259.444726
0.00715500008739221,1263.227827
0.00719994008739221,1266.969711
0.00724503008739221,1270.684966
0.00729051008739221,1274.370891
0.00733634008739221,1278.001891
0.00738264008739221,1281.621025
0.00742931008739221,1285.20612
0.00747642008739221,1288.753968
0.00752386008739221,1292.259804
0.00757167008739221,1295.717318
0.00762012008739221,1299.147969
0.00766879008739221,1302.533937
0.00771793008739221,1305.900602
0.00776744008739221,1309.224987
0.00781746008739221,1312.493543
0.00786781008739221,1315.739158
0.00791865008739221,1318.954243
0.00796978008739221,1322.134122
0.00802137008739221,1325.287011
0.00807348008739221,1328.424937
0.00812590008739221,1331.533526
0.00817878008739221,1334.616231
0.00823197008739221,1337.671619
0.00828571008739221,1340.69898
0.00833977008739221,1343.689076
0.00839424008739221,1346.655606
0.00844924008739221,1349.581553
0.00850467008739221,1352.465875
0.00856054008739221,1355.321122
0.00861684008739221,1358.137513
0.00867355008739221,1360.8936
0.00873079008739221,1363.624351
0.00878849008739221,1366.326443
0.00884659008739221,1368.988799
0.00890503008739221,1371.608847
0.00896401008739221,1374.187027
0.00902338008739221,1376.734857
0.00908322008739221,1379.254269
0.00914349008739221,1381.746894
0.00920419008739221,1384.202317
0.00926521008739221,1386.639828
0.00932680008739221,1389.044593
0.00938878008739221,1391.427634
0.00945105008739221,1393.778534
0.00951370008739221,1396.074174
0.00957699008739221,1398.346702
0.00964075008739221,1400.589676
0.00970469008739221,1402.797234
0.00976911008739221,1404.974831
0.00983401008739221,1407.123675
0.00989928008739221,1409.235326
0.00996497008739221,1411.31142
0.0100310800873922,1413.352037
0.0100975400873922,1415.37085
0.0101643600873922,1417.334021
0.0102317300873922,1419.269767
0.0102993400873922,1421.177271
0.0103672800873922,1423.056903
0.0104357700873922,1424.897675
0.0105046900873922,1426.721067
0.0105738600873922,1428.538977
0.0106432800873922,1430.315484
0.0107132500873922,1432.063033
0.0107834900873922,1433.793718
0.0108540400873922,1435.50729
0.0109250200873922,1437.184767
0.0109962900873922,1438.836232
0.0110681400873922,1440.472189
0.0111400800873922,1442.086177
0.0112123000873922,1443.664582
0.0112851100873922,1445.226032
0.0113581400873922,1446.756517
0.0114315300873922,1448.267281
0.0115053200873922,1449.748123
0.0115793300873922,1451.199446
0.0116536700873922,1452.632135
0.0117285300873922,1454.043795
0.0118037500873922,1455.433341
0.0118790500873922,1456.795694
0.0119546200873922,1458.133002
0.0120306500873922,1459.461572
0.0121069400873922,1460.766483
0.0121834800873922,1462.048353
0.0122604600873922,1463.301707
0.0123376300873922,1464.560238
0.0124151600873922,1465.801566
0.0124930600873922,1467.012316
0.0125713600873922,1468.225234
0.0126497400873922,1469.413908
0.0127285400873922,1470.582168
0.0128077600873922,1471.749031
0.0128872000873922,1472.877969
0.0129669700873922,1474.001498
0.0130469500873922,1475.091316
0.0131273500873922,1476.180859
0.0132080600873922,1477.239087
0.0132891100873922,1478.296883
0.0133704500873922,1479.32917
0.0134520200873922,1480.350997
0.0135340700873922,1481.336861
0.0136163300873922,1482.306722
0.0136988300873922,1483.259518
0.0137817700873922,1484.199774
0.0138650200873922,1485.136025
0.0139485400873922,1486.052214
0.0140322900873922,1486.94464
0.0141162700873922,1487.81295
0.0142006800873922,1488.674494
0.0142854000873922,1489.522034
0.0143703500873922,1490.375448
0.0144554900873922,1491.222995
0.0145412300873922,1492.055767
0.0146272000873922,1492.881529
0.0147134400873922,1493.691977
0.0148000600873922,1494.488854
0.0148869000873922,1495.273509
0.0149739500873922,1496.059962
0.0150614000873922,1496.843829
0.0151490800873922,1497.582445
0.0152371000873922,1498.3142
0.0153254100873922,1499.033862
0.0154141000873922,1499.745204
0.0155031700873922,1500.45058
0.0155923300873922,1501.128553
0.0156819700873922,1501.789693
0.0157716800873922,1502.437808
0.0158618200873922,1503.100398
0.0159523400873922,1503.744843
0.0160429700873922,1504.393169
0.0161337900873922,1505.043572
0.0162249900873922,1505.673216
0.0163163700873922,1506.311486
0.0164081300873922,1506.96065
0.0165001600873922,1507.598033
0.0165925800873922,1508.227223
0.0166854000873922,1508.846666
0.0167784300873922,1509.463481
0.0168717800873922,1510.070255
0.0169655000873922,1510.680146
0.0170594900873922,1511.292575
0.0171537800873922,1511.897157
0.0172483400873922,1512.489296
0.0173432800873922,1513.060984
0.0174386000873922,1513.63955
0.0175341500873922,1514.205245
0.0176301500873922,1514.7718
0.0177264100873922,1515.342202
0.0178230000873922,1515.921316
0.0179200400873922,1516.495128
0.0180173600873922,1517.068539
0.0181149900873922,1517.605353
0.0182129500873922,1518.153192
0.0183112300873922,1518.696292
0.0184098300873922,1519.22198
0.0185087300873922,1519.744771
0.0186079800873922,1520.267923
0.0187074200873922,1520.772342
0.0188072900873922,1521.278646
0.0189076000873922,1521.803652
0.0190081900873922,1522.281928
0.0191091100873922,1522.766442
0.0192105200873922,1523.244122
0.0193122600873922,1523.70783
0.0194143000873922,1524.166817
0.0195168600873922,1524.614629
0.0196196200873922,1525.059758
0.0197228400873922,1525.496055
0.0198264100873922,1525.934616
0.0199302300873922,1526.374749
0.0200344700873922,1526.794917
0.0201389700873922,1527.210302
0.0202437800873922,1527.617902
0.0203488400873922,1528.020404
0.0204545000873922,1528.436389
0.0205604300873922,1528.834973
0.0206667800873922,1529.223316
0.0207734100873922,1529.618104
0.0208805200873922,1530.001577
0.0209878100873922,1530.374148
0.0210955900873922,1530.737582
0.0212035200873922,1531.092124
0.0213119600873922,1531.437771
0.0214209500873922,1531.775581
0.0215301600873922,1532.105354
0.0216397500873922,1532.431367
0.0217498200873922,1532.751701
0.0218601200873922,1533.071186
0.0219708200873922,1533.401863
0.0220818800873922,1533.724235
0.0221934500873922,1534.047932
0.0223053700873922,1534.371152
0.0224175900873922,1534.675629
0.0225302000873922,1534.999638
0.0226433000873922,1535.321818
0.0227567500873922,1535.623829
0.0228705300873922,1535.93155
0.0229846800873922,1536.230051
0.0230994100873922,1536.521017
0.0232145600873922,1536.819746
0.0233301100873922,1537.092614
0.0234459800873922,1537.380539
0.0235623300873922,1537.663604
0.0236791300873922,1537.945358
0.0237964400873922,1538.241274
0.0239138800873922,1538.52628
0.0240321500873922,1538.812572
0.0241508800873922,1539.080216
0.0242700300873922,1539.35817
0.0243895900873922,1539.627683
0.0245097200873922,1539.899248
0.0246302700873922,1540.162313
0.0247514300873922,1540.431702
0.0248730000873922,1540.685941
0.0249951700873922,1540.954271
0.0251178600873922,1541.20603
0.0252409300873922,1541.460935
0.0253647400873922,1541.723633
0.0254891400873922,1542.003856
0.0256139800873922,1542.285033
0.0257394100873922,1542.550677
0.0258652900873922,1542.817681
0.0259917700873922,1543.086153
0.0261188800873922,1543.341349
0.0262465900873922,1543.606366
0.0263750100873922,1543.868766
0.0265041300873922,1544.133673
0.0266338700873922,1544.37501
0.0267642700873922,1544.643494
0.0268953100873922,1544.888935
0.0270270900873922,1545.136512
0.0271593700873922,1545.37828
0.0272923000873922,1545.603637
0.0274261300873922,1545.84679
0.0275606200873922,1546.073713
0.0276958700873922,1546.290482
0.0278318900873922,1546.497672
0.0279685600873922,1546.698243
0.0281061200873922,1546.877197
0.0282444900873922,1547.060658
0.0283835400873922,1547.24101
0.0285233400873922,1547.42369
0.0286639800873922,1547.596171
0.0288052800873922,1547.746533
0.0289474100873922,1547.904128
0.0290904400873922,1548.05914
0.0292343700873922,1548.220561
0.0293791500873922,1548.349739
0.0295247700873922,1548.476876
0.0296712500873922,1548.596906
0.0298186800873922,1548.710556
0.0299669800873922,1548.838771
0.0301161100873922,1548.943004
0.0302661700873922,1549.025311
0.0304174600873922,1549.118447
0.0305697200873922,1549.200502
0.0307229500873922,1549.292228
0.0308772100873922,1549.357212
0.0310323000873922,1549.418047
0.0311883500873922,1549.494911
0.0313453600873922,1549.545162
0.0315034900873922,1549.599361
0.0316626200873922,1549.644809
0.0318229800873922,1549.683421
0.0319843400873922,1549.718623
0.0321467400873922,1549.773177
0.0323102100873922,1549.814398
0.0324747800873922,1549.841043
0.0326405000873922,1549.875692
0.0328073300873922,1549.917513
0.0329752500873922,1549.943901
0.0331444400873922,1549.971726
0.0333147500873922,1550.003869
0.0334863900873922,1550.017941
0.0336591700873922,1550.016353
0.0338333500873922,1550.02265
0.0340086300873922,1550.032289
0.0341852500873922,1550.036442
0.0343632200873922,1550.02526
0.0345423200873922,1550.004962
0.0347226900873922,1549.999151
0.0349043300873922,1549.989107
0.0350874600873922,1549.990214
0.0352717900873922,1549.980496
0.0354574500873922,1549.954584
0.0356445300873922,1549.927673
0.0358330000873922,1549.908089
0.0360227200873922,1549.878437
0.0362138400873922,1549.843689
0.0364062700873922,1549.783852
0.0366000900873922,1549.754779
0.0367952000873922,1549.689694
0.0369918300873922,1549.623509
0.0371900200873922,1549.536184
0.0373895500873922,1549.448203
0.0375904800873922,1549.372657
0.0377927800873922,1549.27321
0.0379965100873922,1549.169079
0.0382017100873922,1549.049441
0.0384084300873922,1548.910364
0.0386165700873922,1548.779082
0.0388262500873922,1548.616866
0.0390373400873922,1548.453474
0.0392499800873922,1548.29059
0.0394641900873922,1548.087677
0.0396798600873922,1547.884171
0.0398969800873922,1547.662117
0.0401155900873922,1547.428978
0.0403356900873922,1547.196665
0.0405573100873922,1546.958822
0.0407802400873922,1546.709658
0.0410048000873922,1546.450048
0.0412308000873922,1546.176937
0.0414583400873922,1545.893661
0.0416874200873922,1545.591777
0.0419179900873922,1545.264493
0.0421500800873922,1544.940452
0.0423836800873922,1544.595076
0.0426187300873922,1544.22921
0.0428552900873922,1543.857608
0.0430934700873922,1543.465618
0.0433331500873922,1543.060592
0.0435744400873922,1542.642082
0.0438173000873922,1542.213509
0.0440617700873922,1541.782433
0.0443075800873922,1541.333144
0.0445548000873922,1540.886998
0.0448034900873922,1540.411405
0.0450537900873922,1539.921759
0.0453055500873922,1539.42159
0.0455589300873922,1538.923299
0.0458138500873922,1538.418192
0.0460701400873922,1537.892271
0.0463279800873922,1537.34708
0.0465873300873922,1536.811745
0.0468480700873922,1536.25126
0.0471102700873922,1535.693125
0.0473737600873922,1535.120986
0.0476387900873922,1534.524019
0.0479052200873922,1533.936235
0.0481725700873922,1533.347463
0.0484407500873922,1532.743772
0.0487097400873922,1532.112112
0.0489796800873922,1531.485413
0.0492504000873922,1530.845481
0.0495218900873922,1530.207514
0.0497944400873922,1529.555319
0.0500677300873922,1528.911501
0.0503420200873922,1528.262045
0.0506171500873922,1527.597144
0.0508932400873922,1526.939158
0.0511704800873922,1526.269418
0.0514485100873922,1525.579063
0.0517277500873922,1524.872791
0.0520079900873922,1524.162236
0.0522891400873922,1523.452976
0.0525712300873922,1522.748732
0.0528544000873922,1522.034087
0.0531385400873922,1521.31371
0.0534238600873922,1520.563372
0.0537100100873922,1519.809729
0.0539972100873922,1519.053161
0.0542855600873922,1518.295013
0.0545748800873922,1517.50127
0.0548653800873922,1516.692838
0.0551570600873922,1515.892064
0.0554497700873922,1515.091291
0.0557436800873922,1514.26029
0.0560389200873922,1513.441245
0.0563352300873922,1512.611322
0.0566327400873922,1511.784282
0.0569312200873922,1510.967498
0.0572309400873922,1510.139099
0.0575319700873922,1509.312895
0.0578348500873922,1508.455477
0.0581395000873922,1507.607569
0.0584456900873922,1506.736023
0.0587536100873922,1505.829684
0.0590630600873922,1504.932224
0.0593741100873922,1503.997375
0.0596866100873922,1503.05465
0.0600006200873922,1502.105147
0.0603163100873922,1501.127222
0.0606336700873922,1500.120783
0.0609528600873922,1499.101735
0.0612734200873922,1498.061633
0.0615953200873922,1496.985533
0.0619188500873922,1495.860074
0.0622455500873922,1494.592508
0.0625755600873922,1493.235605
0.0628964400873922,1492.163804
0.0632197200873922,1491.098748
0.0635453200873922,1490.008792
0.0638730000873922,1488.937356
0.0642025000873922,1487.823568
0.0645334600873922,1486.677431
0.0648661000873922,1485.462528
0.0652010800873922,1484.152961
0.0655379200873922,1482.751588
0.0658770400873922,1481.266592
0.0662193300873922,1479.682695
0.0665669100873922,1477.979278
0.0669210300873922,1475.864622
0.0672827800873922,1473.226732
0.0676700300873922,1469.260343
0.0681994300873922,1461.37369
