0,0
0.000142810876647794,29.7029405256182
0.000157188223748311,33.2387537541551
0.000171125451642023,36.4985865341708
0.000185732342720067,39.8231137366509
0.000199969104577102,43.111339824644
0.000214605567099234,46.4621113512651
0.000228502005033614,49.7006690700264
0.000242518217440923,52.9712693715676
0.000257633920811286,56.3338706585414
0.000275748497861194,60.1913521028371
0.000291713429164709,63.7731132387963
0.000306968342270513,67.292117938849
0.000323032740303245,71.0603105762223
0.000338367146474394,74.5293262692303
0.000353641340304234,77.9523069694308
0.000368995269216391,81.4575446721044
0.000383769200537463,84.9050487707109
0.000398782811504301,88.4122011836827
0.000414575853573207,91.8766658364814
0.000429968828690365,95.2686289854999
0.000445001736624385,98.7421525080259
0.000460694097435609,102.241809300276
0.000476766021142845,105.762978343429
0.000492427899058949,109.271482623378
0.00050828942488965,112.820996721011
0.000524360583672686,116.417750932589
0.0005406013879766,119.964373284606
0.000556042394217345,123.46527706068
0.00057205282143239,127.007678286442
0.000588003029130923,130.547965534578
0.000604462661383013,134.173748932155
0.000620602229421474,137.758329557957
0.000637001364840082,141.406875768594
0.000653570115993464,145.00494509248
0.000670068641279001,148.610582464574
0.000685857399534684,152.162262099941
0.000700936424878272,155.551873517839
0.000716694718051704,159.050732943844
0.00073270257338168,162.585512457123
0.000748540304059579,166.138980636057
0.00076512719147153,169.777834041835
0.000781224198942553,173.235478962579
0.000797280980206986,176.661623070516
0.00081371718498143,180.111206168626
0.000829793427425055,183.604566051837
0.00084609921107428,187.143585912784
0.000862314808714472,190.709940463336
0.000878410251844382,194.167177513272
0.000894455481898815,197.576167445232
0.00091075022058221,201.087169474645
0.000927823951205253,204.651288534109
0.000944337932983091,208.179213188323
0.000960841651909209,211.731868952649
0.000977464978224164,215.206902313182
0.000994008109699192,218.710337729626
0.00101048103996452,222.233494127876
0.00102721342545768,225.784548991083
0.00104385562713221,229.293759970388
0.00106025781223672,232.738502176708
0.00107631011378126,236.179765374797
0.00109284162131619,239.632391703325
0.00110933290092019,243.093538376253
0.00112586386255219,246.528022040421
0.00114249443422939,249.979197471606
0.00115945433878783,253.444971603057
0.00117587460393778,256.921535935866
0.00119226463597157,260.382562445811
0.00120787536126228,263.795566468231
0.00122456449418182,267.18219001707
0.00124080391802955,270.638547671669
0.00125707303971274,274.06818221215
0.00127325201352805,277.407359655446
0.00128975030508589,280.782054792454
0.00130620837767646,284.166075402835
0.00132252636798091,287.516295327281
0.00133832480091762,290.892219025028
0.00135493186723326,294.334808062944
0.001371688448413,297.765952271113
0.00138857456520609,301.216446418264
0.00140488122581865,304.580149920436
0.00142169688331477,308.011315082522
0.00143872195096463,311.509866554781
0.00145542720214501,314.971400755199
0.00147173277265985,318.364180399389
0.00148755880319651,321.713387418962
0.00150394372755423,325.034762671228
0.00152008875411391,328.401786192127
0.00153611370728195,331.785464999774
0.001552757426194,335.132826419946
0.00156886172840755,338.479960540246
0.00158497575518427,341.770752085865
0.0016014489371833,345.173652289064
0.00161743265229304,348.521835043114
0.00163434457023254,351.948336435325
0.00165087683851964,355.355051210544
0.00166713929009902,358.709643034229
0.00168379081134523,362.196279392087
0.00170011262423701,365.562604174654
0.00171650404891227,368.870007902172
0.00173277541570971,372.176098826884
0.0017495755781273,375.456455810743
0.00176593624575054,378.861426894875
0.00178263603167285,382.248919160231
0.00179928562984954,385.582434726771
0.00181598485885821,389.011369317848
0.00183204499680791,392.415671481199
0.00184872371621322,395.798166106049
0.00186465357390533,399.167464802549
0.00188091254935106,402.438107620851
0.00189697164459542,405.71894140218
0.00191283086930359,408.987191603042
0.00192865990107872,412.238335321114
0.00194486793430864,415.570300065865
0.00196096592314551,418.879749182995
0.00197742293261133,422.262466149524
0.00199341061926789,425.497171766868
0.0020098970338135,428.834875708441
0.00202616362744522,432.173307145188
0.00204218047290504,435.526652656423
0.00205901535484634,438.931425380967
0.00207571024716727,442.28865142333
0.00209159657404174,445.582278314479
0.00210790175352546,448.888773462074
0.00212405698924493,452.184904144291
0.00214041153129918,455.504000113301
0.00215704519556855,458.918252522504
0.00217376838549628,462.343951007066
0.00218947355301464,465.632653655042
0.00220621615607675,469.03022456763
0.00222207047720489,472.279243938078
0.00223813407212869,475.557610383532
0.00225431713575213,478.875844057945
0.00227012080896423,482.157163999499
0.00228632330877419,485.561037173321
0.00230246568558479,488.873968484177
0.00231810897252048,492.163313951943
0.00233410118979728,495.443793297533
0.00235086132415173,498.785453936063
0.00236762117760879,502.080267041488
0.00238424108707313,505.466998395645
0.00240054149567245,508.761021665576
0.00241705112633344,512.142848565398
0.00243415901100858,515.56727034594
0.00245060823503698,518.923953848539
0.0024673664168477,522.281890296366
0.00248342607195235,525.612553148638
0.00249993433428765,528.940456024594
0.00251586379636491,532.223437277034
0.00253233162539351,535.547922108606
0.00254849995444535,538.913760965359
0.00256479768579991,542.197494394616
0.00258144424046624,545.44210795532
0.00259729261377233,548.684571137236
0.0026137790492009,552.025128812052
0.00262997598189051,555.245471539455
0.00264568395960377,558.470413208724
0.0026622992483701,561.803280137998
0.00267822612429258,565.037956542129
0.00269488076372658,568.328972051235
0.00271102651952164,571.554388374274
0.00272775042026649,574.813129513034
0.00274441420726253,578.041581961413
0.00276085832866698,581.320831034883
0.00277707282334594,584.539237664755
0.00279313747733545,587.747057665344
0.00280946113724974,591.008850269239
0.00282584435988229,594.21505640007
0.00284245665552569,597.491548962767
0.00285880942399782,600.778642460608
0.00287557073758788,604.081458818981
0.00289230185763069,607.338440131632
0.00290883328368204,610.549021759952
0.00292535446591141,613.727600129312
0.00294186540482208,617.002862328301
0.00295881476032747,620.324247479944
0.00297503601562721,623.558894299058
0.00299148631500556,626.779462456995
0.00300810582892091,630.08452509405
0.00302496433580183,633.347312118838
0.00304128421192327,636.592802483788
0.00305819200556986,639.850099669788
0.00307493003950805,643.158689003286
0.00309217620629858,646.467478321018
0.00310884389044826,649.6964179117
0.00312567079350228,653.002126216182
0.00314269678095092,656.266831162195
0.00315880540347554,659.455260932492
0.00317563146586003,662.783230620158
0.00319340419361094,666.184166887832
0.00321005025522101,669.476908375535
0.00322682561770767,672.774386863602
0.0032433614819438,675.931617191058
0.00326008644961842,679.213744991491
0.00327690084090547,682.543205886479
0.00329402392242291,685.929535281789
0.00331021980776873,689.140801042711
0.00332717288764367,692.404659080681
0.00334435490658738,695.713157589956
0.00336128747538796,698.975904665666
0.00337838917996272,702.253444530998
0.00339509195775924,705.553125862435
0.00341185425072614,708.763649759626
0.00342902484922263,712.066821889591
0.00344588622694357,715.341331253669
0.00346260780776993,718.63550889669
0.00347908994854318,721.863196665589
0.00349626935746537,725.129594878871
0.00351318938949797,728.396244598946
0.00352979027078149,731.559336933681
0.00354742716879287,734.933591425527
0.00356475486637348,738.274114072318
0.00358231143572787,741.571633880202
0.00359959867355691,744.865056913145
0.0036165966665883,748.093436971681
0.00363386338476718,751.349489087242
0.00365043237295757,754.519534730431
0.00366751917027148,757.784085832571
0.00368517356531425,761.087944466304
0.00370282764868487,764.418106594449
0.00372021242951614,767.699938847888
0.00373772641999706,770.937224941511
0.0037546324048194,774.151080519521
0.00377125916478157,777.309680568708
0.00378896153818528,780.592926261847
0.00380612566280021,783.865213936376
0.00382278145141391,787.036659425273
0.00384016414701755,790.19888792542
0.00385680940745094,793.346476840748
0.00387418155048089,796.568056868128
0.00389149362621586,799.810473663054
0.00390890500970509,803.046415277641
0.00392647545919973,806.317728004813
0.00394411532275998,809.595860511812
0.00396109750053728,812.761971872062
0.00397839811160279,815.994325115047
0.00399551914552026,819.2111101225
0.00401244069212106,822.371154887625
0.00402939183101116,825.577916353477
0.00404653191063759,828.8055911639
0.0040626259803251,831.8991135671
0.00407998458923744,835.078696879166
0.00409698437757183,838.276644873474
0.0041136054463529,841.376239356513
0.00413008681940868,844.445325768944
0.00414708575604421,847.580566712849
0.00416355661911221,850.743452319844
0.00418070435735318,853.922993603952
0.00419718462457316,857.060740995826
0.00421444132089857,860.277863305354
0.00423094094719734,863.426799728355
0.00424749008808872,866.581162877887
0.00426382985390272,869.668583818305
0.00428053776312723,872.809276310743
0.00429731509130142,876.014865405926
0.00431388304721185,879.198383026051
0.00433092864251672,882.407314970092
0.00434727700140213,885.539271044152
0.00436380430474608,888.715315098383
0.00438091874143773,891.946386971097
0.00439809262046184,895.142527494918
0.00441448965987713,898.203098453605
0.00443098598581071,901.272448871381
0.00444765128096869,904.444116317149
0.00446389817968234,907.568918748012
0.00448073216214115,910.740586952806
0.00449738667341368,913.806068494042
0.00451423004685437,916.958120997225
0.00453117268204827,920.13022732596
0.00454710963820665,923.189748875604
0.00456369336451831,926.301928198088
0.00458080438059169,929.489342767269
0.00459763639518503,932.617540949127
0.00461524451620027,935.836016653634
0.00463239446436848,939.031920952786
0.00464939481789239,942.213566439339
0.00466711151276354,945.475285436149
0.00468364348401827,948.630478474977
0.00470014532339597,951.714046314912
0.00471724405212264,954.82487113846
0.00473394438752469,957.914903081719
0.00475074396760888,961.004763465309
0.00476759302642532,964.057308359238
0.00478557633197718,967.289617962817
0.00480250441866862,970.427165162174
0.00481872564983967,973.512326723032
0.00483565317539053,976.664229472827
0.00485306803034382,979.806985232554
0.00487004473044008,982.865792131708
0.0048877575165885,985.989324287705
0.00490523116914695,989.142794381416
0.00492221693436937,992.232676733168
0.0049395705789998,995.334929193443
0.00495604829506285,998.386878378092
0.00497307299773745,1001.5260557857
0.00499072425920819,1004.70701660487
0.0050084647573413,1007.88214663896
0.00502716010486447,1011.10261417003
0.00504421344525587,1014.14757748986
0.00506120679921302,1017.26688644896
0.00507849833744293,1020.39843338983
0.00509583932132756,1023.4805639448
0.00511392616127101,1026.62732147738
0.00513219174847092,1029.78597887056
0.00514957159487307,1032.83972242751
0.00516705062144436,1035.94885656598
0.00518441991397208,1039.02521185556
0.00520185853994209,1042.03674149576
0.00521896858764076,1045.03091262577
0.00523588933948371,1047.94236927754
0.00525295901547411,1050.89100159166
0.00527041634065524,1053.96644463509
0.00528800267234591,1057.0703667204
0.00530550912000089,1060.11619739381
0.00532327387463485,1063.15410101442
0.00534132676202639,1066.2636746302
0.00535884222251405,1069.30305277114
0.0053761882918245,1072.31548441201
0.00539466790062159,1075.38749932046
0.00541307754743865,1078.4113129082
0.00543096968408201,1081.42362444981
0.00544871231925301,1084.45401666093
0.0054660568297546,1087.45943843504
0.00548377895225485,1090.49998455095
0.00550211734436986,1093.54951272537
0.00551999794327038,1096.50434812293
0.00553732132833696,1099.38937231517
0.00555556923931503,1102.36949410299
0.00557414497539137,1105.39489796251
0.00559177568646574,1108.32689071512
0.00560936631140697,1111.25356880187
0.005627781949811,1114.23557725878
0.00564642594880655,1117.24369624366
0.00566454260633021,1120.10054693152
0.00568248990293613,1122.98858946571
0.00570099368108355,1125.91924722801
0.00571906957910552,1128.84614554448
0.00573787095716326,1131.80602848595
0.00575578711066922,1134.66554785034
0.00577400120899465,1137.50444973841
0.00579236410575761,1140.37773206824
0.0058111044548618,1143.32989369321
0.00582981462784152,1146.24886611515
0.00584905134800192,1149.24022546011
0.00586807893152763,1152.18664717022
0.00588744414963117,1155.07172258227
0.00590648094354022,1157.96091790166
0.00592601440982209,1160.92534365593
0.00594524927952102,1163.83960636078
0.00596404640560968,1166.62257686574
0.0059832706036659,1169.43627956334
0.00600190797617127,1172.23401838598
0.00602086307322752,1175.05056694078
0.00603946992645274,1177.82894073821
0.0060586727958738,1180.67114512891
0.0060784120124092,1183.47918151068
0.00609818065627469,1186.26335033412
0.00611749172501409,1188.9898854876
0.006137329166535,1191.82500865457
0.00615754387377019,1194.67494184589
0.00617762897578046,1197.47596782077
0.00619691863436349,1200.19207984002
0.00621625760990578,1202.88956582174
0.00623596390326687,1205.5800624962
0.00625597786833592,1208.29352311944
0.00627590199785882,1211.03441166746
0.00629629277053357,1213.82464008939
0.00631703091617172,1216.58115128735
0.00633735129391668,1219.27050422072
0.00635739303918483,1221.90024507283
0.00637759336221323,1224.54822746227
0.00639822052576754,1227.20446865439
0.00641895655774233,1229.87689262097
0.0064392848000487,1232.494962223
0.00645977159553134,1235.10794914898
0.00648068518477579,1237.75133742981
0.00650071412262888,1240.31879009142
0.00652178581228492,1242.89869681738
0.00654265836632037,1245.43748091618
0.00656355035344806,1248.02414752149
0.0065853061765337,1250.66824583108
0.00660702179051511,1253.30989511511
0.0066286673968012,1255.82711707605
0.00665092841273925,1258.41293131007
0.00667323859962457,1260.97088241705
0.00669600521028189,1263.55381559584
0.00671882096688277,1266.11081330626
0.00674157660719611,1268.61669058959
0.00676382517743328,1271.06378027012
0.00678616264227064,1273.58013104569
0.00680921470888771,1276.07692452452
0.00683182924819069,1278.47860320652
0.00685552580970261,1280.97494865629
0.00687886428413503,1283.46233846928
0.00690236111043882,1285.89036762989
0.00692634399388407,1288.33648303289
0.00694994894079188,1290.77609818243
0.00697404984692083,1293.20282280267
0.00699721674387174,1295.49991493099
0.00702100868522568,1297.88223273114
0.00704493907525044,1300.15507469913
0.00706907740970621,1302.52761584416
0.00709352296501587,1304.8425102702
0.00711781898921878,1307.11663566076
0.0071420052078662,1309.35344241613
0.00716657804997572,1311.58536393556
0.00719186511702604,1313.89766597849
0.00721770750851516,1316.24400885624
0.00724360879820927,1318.47923350044
0.00726916195761152,1320.67758195147
0.00729534980222233,1322.88121706561
0.00732131856927604,1325.08423114655
0.00734763409440324,1327.26829513237
0.00737438568774949,1329.43580521611
0.00740052114638791,1331.4451396222
0.00742745991621789,1333.60123400879
0.00745419944862248,1335.71173380587
0.0074805908797742,1337.7585024206
0.00750705108985699,1339.73484531239
0.00753402668928215,1341.71898463378
0.00756155733470793,1343.72497324251
0.00758978192017262,1345.80410417012
0.0076182339604896,1347.81384587178
0.00764657603067653,1349.74252592575
0.00767563178333438,1351.7916166283
0.00770424015117889,1353.69495792026
0.007733264459913,1355.60810372764
0.00776257568028639,1357.55229521056
0.00779231269879318,1359.44897663255
0.00782227703827043,1361.37293431415
0.00785185353480563,1363.164961862
0.00788181609026072,1364.93838677584
0.00791215474897925,1366.74469913317
0.0079430976547333,1368.64077542237
0.00797431737623501,1370.49446500409
0.00800507979568731,1372.2206930587
0.00803637694106102,1373.96387567636
0.00806796077377211,1375.74672862127
0.00809920635508271,1377.43498608685
0.00813031209522611,1379.08420858564
0.00816147637951481,1380.74732881568
0.00819278846719042,1382.41101019996
0.00822562694553572,1384.12879455706
0.008258107309489,1385.7895838952
0.00829094364296799,1387.50395915916
0.00832399707271133,1389.14859112085
0.00835671224240487,1390.67958234886
0.00838990232753566,1392.24422103035
0.00842313097527852,1393.77006785449
0.00845613045758898,1395.22228932304
0.00848961470471823,1396.72165397583
0.00852301851028519,1398.20401459736
0.00855701608324153,1399.7435495896
0.00859091335657846,1401.29720834634
0.00862516638659653,1402.70754303972
0.00865957686269257,1404.12958010356
0.00869380771416739,1405.52886527567
0.00872800765485227,1406.87412531181
0.0087624938938721,1408.25420761642
0.00879722675226807,1409.62386398369
0.00883187910832521,1410.96084580894
0.0088664113237458,1412.26668944205
0.0089013883559284,1413.59776311049
0.00893723633001384,1414.97686923716
0.0089727757900494,1416.30357683465
0.00900827434603141,1417.56532170014
0.00904361308335845,1418.79580993421
0.00907928749692024,1420.04760045632
0.00911530746006727,1421.37557698975
0.00915247555229583,1422.80708129856
0.00918956299526367,1424.04834860193
0.00922787766883536,1425.42789738379
0.009266171058982,1426.71895817447
0.00930384872684329,1427.87797969075
0.00934170330080735,1429.04443910779
0.00937963569470389,1430.24259872784
0.00941738833764654,1431.36500087916
0.00945494143825824,1432.46699384501
0.00949246341223506,1433.57045034783
0.00953079619759076,1434.79394212923
0.00956891951421116,1435.95053785413
0.00960736822122236,1437.12554912435
0.00964609276127156,1438.23602217594
0.00968510300592565,1439.3866973018
0.00972423056729511,1440.57026919854
0.00976350514001529,1441.64252395727
0.00980297621886823,1442.72411868718
0.00984262397648921,1443.85558601337
0.00988258701486111,1444.98010107412
0.00992334055618087,1446.10277379318
0.00996293403778064,1447.11343127308
0.010003139779923,1448.21559664307
0.010043076604128,1449.2489854542
0.0100830019337866,1450.25632033221
0.0101237176106758,1451.31717035972
0.0101646098093812,1452.3966964684
0.0102058269850699,1453.47415944781
0.0102471513405144,1454.49584765964
0.0102883156260839,1455.53374760378
0.0103298444148378,1456.55371019341
0.0103713912726665,1457.52712344344
0.0104128077510876,1458.47913146968
0.0104542324102557,1459.43743091699
0.0104955366064026,1460.39067777482
0.0105371260568648,1461.32617915754
0.0105790106208347,1462.29200825958
0.0106211308951099,1463.28476273864
0.0106631108801899,1464.23397019283
0.0107051286771213,1465.14577624489
0.0107475008605351,1466.13303037416
0.0107905538441818,1467.09491772409
0.0108328630545965,1467.97517579211
0.0108747945849134,1468.8352636686
0.0109177233914895,1469.76610332902
0.0109603931891198,1470.67138636906
0.0110030512755328,1471.55842944848
0.011045687761988,1472.40725359042
0.011088559784408,1473.28495237594
0.0111313508543692,1474.16676864148
0.0111741302044403,1475.01742278369
0.0112172340440182,1475.85108454538
0.0112598020713849,1476.65491028734
0.0113024375001502,1477.48697502145
0.0113453084040392,1478.35082146426
0.0113886124882905,1479.16236224732
0.0114319641291248,1479.98441362041
0.0114753633202785,1480.83343671152
0.0115187408570412,1481.69830274385
0.0115629468575436,1482.53428662742
0.0116063799031522,1483.24155558071
0.0116492180106256,1484.00089394714
0.011693329289799,1484.81630880436
0.0117375967566468,1485.66230199234
0.0117815657769847,1486.4656602498
0.0118263629911996,1487.23746799246
0.0118710198504005,1487.98049494488
0.0119155857812253,1488.78694945646
0.0119600311523275,1489.49921850616
0.0120055416638993,1490.31752618165
0.0120505659720133,1491.02432690994
0.0120964082770208,1491.77844519261
0.0121414976496868,1492.49288325342
0.0121861799541327,1493.16454560951
0.0122312060085182,1493.90738746418
0.0122767041807356,1494.62677900124
0.0123225756307456,1495.36622473955
0.0123680301376164,1496.07276150274
0.0124135912218522,1496.74004109936
0.0124587156766361,1497.41740206296
0.0125053984678384,1498.20452376955
0.0125522864614655,1498.94453628636
0.0125988463866101,1499.62721845768
0.0126461447234152,1500.34908389998
0.0126930557401264,1501.02190877066
0.0127402508866844,1501.69308369897
0.0127871179971087,1502.32589725862
0.0128339236759121,1502.97963677583
0.012881072686528,1503.7076002279
0.0129279825556883,1504.36140149717
0.0129759168232266,1505.05532823869
0.0130241745252667,1505.75879780687
0.0130717389851068,1506.37698660341
0.0131195874046582,1507.02990539188
0.0131684895447345,1507.70392240876
0.0132163530727979,1508.26943290157
0.013263937997756,1508.83058282792
0.0133120831246233,1509.46764576064
0.0133598608416354,1510.07562466533
0.0134077744123706,1510.70666621616
0.013456080343808,1511.33467520048
0.013503387482866,1511.8625513183
0.0135503668237434,1512.41823679393
0.0135981923477369,1513.05681731654
0.013645611138868,1513.65090950306
0.0136938562627137,1514.2575858298
0.0137423259215447,1514.9183073907
0.0137903296651352,1515.49689178856
0.0138395146205486,1516.18350837334
0.0138884407410507,1516.78401735084
0.0139369305545844,1517.30471139859
0.0139858617704392,1517.91037534642
0.0140359245733034,1518.58720464952
0.0140849791283771,1519.11201775291
0.0141344651052695,1519.67815325266
0.0141837120116488,1520.20297873518
0.0142327494590347,1520.70471494838
0.0142828393369262,1521.32951584759
0.0143324436748351,1521.86083807982
0.0143826567041838,1522.44662050979
0.0144332811976545,1522.97897307209
0.0144834004573742,1523.48152858278
0.0145335960516873,1524.01694156817
0.0145840157985735,1524.54274080795
0.0146342260524396,1525.03297855595
0.014685330527992,1525.61583958926
0.0147362353157897,1526.11320856254
0.0147868024999006,1526.60786708114
0.0148378794732842,1527.17749485341
0.0148896139425798,1527.74563930005
0.0149414639571383,1528.27937226152
0.0149933408372748,1528.80831708842
0.0150454415941998,1529.33948400694
0.0150978449949395,1529.82142083012
0.0151505214426265,1530.33545688169
0.0152028602418889,1530.79906372959
0.0152564963320402,1531.40256995838
0.0153098734927154,1531.91087739339
0.0153631000895365,1532.41858426951
0.0154173676497327,1532.95349761693
0.0154716814981231,1533.43787866548
0.0155248994833837,1533.81350610586
0.0155790598086509,1534.3069263341
0.0156336306910956,1534.82856840815
0.0156890156868426,1535.38216538041
0.0157434329105009,1535.76022501311
0.0157975912449334,1536.15424590083
0.0158524848607054,1536.67688563006
0.0159068931897944,1537.12943762381
0.0159619776417123,1537.62957124358
0.0160170098533027,1538.05586749696
0.0160718815853474,1538.50991999792
0.0161265436633313,1538.96833996665
0.0161815077817619,1539.41636676359
0.0162371772930212,1539.91409947811
0.0162929814448022,1540.37697594335
0.016348871024498,1540.84948293594
0.0164050526037098,1541.3420879445
0.0164608375515196,1541.75599438427
0.0165167472598524,1542.16878786156
0.0165732243177972,1542.65263646955
0.0166292949419925,1543.06807984567
0.0166858246521601,1543.50752322081
0.0167424298398504,1543.91650617247
0.0167994153324985,1544.38713050923
0.0168561714189437,1544.81702486192
0.0169129832789809,1545.26860942291
0.0169708439233294,1545.75682963814
0.0170292517737328,1546.26237880346
0.0170866141541903,1546.6190328906
0.0171433146224498,1546.94492306576
0.0172006901197924,1547.33005611798
0.0172571285649631,1547.67235413215
0.0173148120448042,1548.16776893515
0.0173732784322825,1548.62090607146
0.0174307095287588,1548.9960756334
0.0174888153760474,1549.4200192766
0.0175464363621947,1549.75060424278
0.0176042308902227,1550.14845980072
0.0176627589600964,1550.63783426054
0.0177214800949647,1551.03289130785
0.017779745880643,1551.38906201905
0.0178383913829387,1551.80624574778
0.0178973870666229,1552.2021816803
0.0179556818929918,1552.57152527679
0.0180149653068249,1552.95316355799
0.018075040711953,1553.39068018757
0.0181348669965701,1553.78383701955
0.0181940612299317,1554.12257038021
0.0182546659384858,1554.5544828472
0.0183152571556286,1554.93012929127
0.0183755010679091,1555.26641050901
0.0184358886138316,1555.63735202932
0.0184957620332708,1555.93354807252
0.0185555238883995,1556.24883387726
0.0186163128259754,1556.64244033861
0.0186767447229732,1557.04512222944
0.01873780110001,1557.42012968062
0.018799167796135,1557.78121524815
0.0188594610705469,1558.05983306383
0.0189200156546032,1558.3709186344
0.018980537135506,1558.72201582607
0.0190422225316625,1559.12188266608
0.019104335805806,1559.5252168458
0.0191673673963736,1559.9950222412
0.0192312582718553,1560.43071554699
0.0192953118205812,1560.74478129456
0.0193586060129068,1561.067220414
0.0194220335095141,1561.36323455388
0.0194850156571623,1561.62714907014
0.0195486803024452,1561.97755862266
0.0196130861512715,1562.37424975935
0.0196774486307527,1562.74731414292
0.0197422775956663,1563.11312076907
0.0198073082443266,1563.48970278908
0.0198724523059229,1563.81353003828
0.0199376215325426,1564.13584794587
0.020004247039186,1564.51024625819
0.0200700643808797,1564.80853785055
0.02013537754529,1565.09321548437
0.0202007060446794,1565.42284514598
0.020267412022213,1565.81243217888
0.0203331434532081,1566.04343516151
0.0203980377069183,1566.30131160969
0.0204632706684803,1566.58218379494
0.020529361514688,1566.96869946528
0.0205964080398628,1567.40637231694
0.0206636263933848,1567.75436202926
0.0207296452292047,1567.9867290188
0.0207963747004259,1568.24695184851
0.0208625904425958,1568.51518260689
0.0209290662150655,1568.84693150845
0.0209972414603077,1569.28293724154
0.0210658722731839,1569.65141752066
0.0211343417179486,1569.93300660161
0.0212019351231354,1570.14922150366
0.0212691421572382,1570.36213439987
0.0213370984394413,1570.68255487106
0.0214046585644927,1570.92630292685
0.0214723413671936,1571.24343968461
0.0215406851162273,1571.54606669486
0.0216092786435223,1571.89058083304
0.021678777547463,1572.33619961917
0.0217485260353179,1572.66089919168
0.0218183283654141,1572.98455249693
0.0218877833913248,1573.20934015168
0.0219562748501101,1573.36780906518
0.0220244583629149,1573.60392204342
0.0220945837971976,1573.95598646943
0.0221644891306282,1574.29855513273
0.0222343602364748,1574.5878476108
0.0223041580027446,1574.87223912176
0.0223745474180953,1575.1612376525
0.0224452056725271,1575.46943969269
0.0225157122700489,1575.7407270042
0.0225860574654516,1576.03696090994
0.0226575317598285,1576.35396788696
0.0227295092755923,1576.66094689087
0.0228013447628479,1576.90942597218
0.0228723638345695,1577.12308784212
0.0229435928792666,1577.41437097025
0.0230159700379924,1577.77883363191
0.0230886058044257,1578.11204178575
0.0231620961746359,1578.47588274249
0.0232356299975993,1578.7689891862
0.0233079860233657,1578.90568339739
0.0233803661217551,1579.09205804143
0.0234530731108441,1579.37172172941
0.0235259994733115,1579.64399909395
0.0235985493687436,1579.89280701948
0.023671289328567,1580.14342288103
0.023744414624253,1580.43321494323
0.023817807991633,1580.76760853862
0.0238914888998357,1581.04566578736
0.0239650081633317,1581.32884898626
0.0240391468411287,1581.56286424581
0.0241129481123109,1581.8161183556
0.0241873296184178,1582.06143180256
0.0242617641560867,1582.31130533174
0.0243371301040699,1582.65431044961
0.0244130661631614,1582.93206652881
0.0244882840914903,1583.14176395436
0.0245633890279229,1583.3809197816
0.024638010233147,1583.58072752423
0.0247136600307074,1583.86471841529
0.0247895675040586,1584.17042727657
0.0248653716683999,1584.43934335395
0.0249424088462864,1584.73391898953
0.0250188744008518,1584.91849989955
0.0250961045574717,1585.20567973138
0.0251730849560389,1585.42920766821
0.0252498156538302,1585.6652614893
0.0253270572283522,1585.93705213015
0.0254050337997431,1586.21527245416
0.025483823186147,1586.50692845798
0.0255623529177773,1586.71585567768
0.02564100319677,1586.97577435559
0.0257198129800086,1587.18291242601
0.0257987042638796,1587.44262787691
0.0258778134573768,1587.74091563765
0.0259568871606819,1587.95432430846
0.0260369776657274,1588.22946898481
0.0261173053215514,1588.48167639614
0.0261970712423272,1588.69169993311
0.0262768697651309,1588.89404406667
0.0263567690634253,1589.07774640061
0.0264363016177502,1589.26260487942
0.0265157012440427,1589.46774894974
0.0265959028145133,1589.74550391543
0.0266768087649034,1589.98235087783
0.0267569779431414,1590.19298558725
0.02683809478147,1590.54367207192
0.0269198378016523,1590.77890730797
0.0270015157365017,1591.03400474238
0.0270830896686312,1591.24031460097
0.0271656204549983,1591.51460618083
0.0272488548374623,1591.74407835781
0.0273324812549698,1592.05476434574
0.0274158282403206,1592.2573618949
0.0274995282586864,1592.42464858424
0.0275829196930299,1592.61203757313
0.0276661971708717,1592.80931947621
0.0277496817022327,1593.03152810147
0.0278345403449982,1593.37613343518
0.0279201503446928,1593.68315406407
0.0280057724644651,1593.88758122743
0.0280912802960025,1594.05462827677
0.0281767905391731,1594.26046224488
0.0282632850910971,1594.49888357165
0.0283498207669866,1594.68749723098
0.0284360281923275,1594.80966703989
0.0285218588552345,1594.98671080248
0.0286086831483101,1595.20260356572
0.0286963258968886,1595.49240692117
0.0287836597466708,1595.73655094366
0.0288708790953678,1595.93856072619
0.0289590526245773,1596.17987524862
0.0290474320915159,1596.40501340133
0.0291367750788005,1596.70135747287
0.0292265180070298,1596.91149551608
0.029316952114982,1597.13093628279
0.0294073586239692,1597.32844841151
0.0294970772736185,1597.4728365587
0.0295874675003185,1597.67463043647
0.0296777816009301,1597.81988444642
0.0297669032690366,1597.95492114351
0.0298564926048711,1598.14873510628
0.0299468503512345,1598.38582793067
0.0300374522527333,1598.54296384363
0.0301270949841926,1598.71986331171
0.0302173312556963,1598.88344327496
0.0303075011736533,1599.03988566697
0.030398128613314,1599.30210418849
0.0304895335562278,1599.52875264584
0.0305815896980544,1599.78449306797
0.0306738022394034,1600.0294898739
0.0307668887528838,1600.22851408463
0.0308593848049104,1600.35551074489
0.0309516783877579,1600.48291597409
0.0310443318567413,1600.66456489622
0.0311372869476016,1600.87414727138
0.0312298165983873,1601.04187093508
0.0313231905958244,1601.26649384135
0.0314167400086823,1601.51635818272
0.031510910541688,1601.75220369067
0.0316056148142805,1601.9276683338
0.0317000194641131,1602.10071530385
0.0317949383316413,1602.25126423733
0.0318901581634359,1602.47242111705
0.0319858532159807,1602.68051135905
0.0320819458737641,1602.89241084342
0.0321786200151162,1603.08147262266
0.0322746941521033,1603.21028189203
0.0323717950348549,1603.46481105607
0.0324689445763629,1603.64950588984
0.0325664428455638,1603.79256611858
0.032663525083955,1603.96784093973
0.0327614399057626,1604.16254550565
0.032860187066222,1604.36851406755
0.0329598340529439,1604.62088315955
0.0330594711111332,1604.73959909405
0.0331593207543265,1604.94090716493
0.0332601761407812,1605.16514607621
0.0333613598930487,1605.33800601596
0.0334628622390495,1605.51211334806
0.0335648958321532,1605.69030251364
0.0336665225648427,1605.82601657764
0.0337680422851409,1605.98123323009
0.0338709534969163,1606.15791257695
0.0339729164619152,1606.28672280666
0.0340755359567557,1606.46614308129
0.0341782802261934,1606.59214949483
0.034281700055814,1606.82272169009
0.0343856986094217,1606.97817647971
0.0344897056716435,1607.11030011242
0.0345923784167609,1607.21703124261
0.0346963156881662,1607.38255079633
0.034801014845244,1607.61898400339
0.034906127975194,1607.79650054125
0.0350119832698121,1607.9753142973
0.0351180590933664,1608.15126477241
0.0352255139171229,1608.37816735443
0.035333603979018,1608.59702131266
