 
       0.005     937.648
       0.010    1874.265
       0.015    2809.853
       0.020    3744.414
       0.025    4677.950
       0.030    5610.461
       0.035    6541.950
       0.040    7472.417
       0.045    8213.434
       0.050    9036.860
       0.055    9810.961
       0.060   10508.782
       0.065   11110.010
       0.070   11605.563
       0.075   11998.313
       0.080   12300.380
       0.085   12529.340
       0.090   12704.151
       0.095   12841.967
       0.100   12956.242
       0.105   13056.104
       0.110   13146.747
       0.115   13230.369
       0.120   13307.333
       0.125   13377.194
       0.130   13439.485
       0.135   13494.153
       0.140   13541.702
       0.145   13583.110
       0.150   13619.627
       0.155   13652.529
       0.160   13682.917
       0.165   13711.589
       0.170   13738.992
       0.175   13765.252
       0.180   13790.254
       0.185   13813.744
       0.190   13835.443
       0.195   13855.130
       0.200   13872.707
       0.205   13888.222
       0.210   13901.862
       0.215   13913.919
       0.220   13924.739
       0.225   13934.672
       0.230   13944.024
       0.235   13953.033
       0.240   13961.854
       0.245   13970.554
       0.250   13979.116
       0.255   13987.462
       0.260   13995.465
       0.265   14002.986
       0.270   14009.889
       0.275   14016.071
       0.280   14021.471
       0.285   14026.079
       0.290   14029.939
       0.295   14033.140
       0.300   14035.800
       0.305   14038.045
       0.310   14039.987
       0.315   14041.712
       0.320   14043.285
       0.325   14044.748
       0.330   14046.132
       0.335   14047.454
       0.340   14048.713
       0.345   14049.898
       0.350   14050.982
       0.355   14051.933
       0.360   14052.721
       0.365   14053.322
       0.370   14053.725
       0.375   14053.938
       0.380   14053.982
       0.385   14053.887
       0.390   14053.682
       0.395   14053.391
       0.400   14053.030
       0.405   14052.605
       0.410   14052.116
       0.415   14051.561
       0.420   14050.933
       0.425   14050.226
       0.430   14049.431
       0.435   14048.539
       0.440   14047.539
       0.445   14046.424
       0.450   14045.192
       0.455   14043.850
       0.460   14042.413
       0.465   14040.446
       0.470   14038.846
       0.475   14037.304
       0.480   14035.363
       0.485   14033.187
       0.490   14031.877
       0.495   14028.553
       0.500   14027.062
       0.505   14025.455
       0.510   14021.951
       0.515   14020.209
       0.520   14014.213
       0.525   14014.627
       0.530   14012.029
       0.535   14008.522
       0.540   14006.004
       0.545   14002.849
       0.550   13987.271
       0.555   13996.092
       0.560   13992.754
       0.565   13989.151
       0.570   13985.369
       0.575   13981.708
       0.580   13977.761
       0.585   13973.909
       0.590   13969.879
       0.595   13965.677
       0.600   13961.461
       0.605   13957.106
       0.610   13952.667
       0.615   13948.105
       0.620   13943.434
       0.625   13938.736
       0.630   13933.923
       0.635   13929.007
       0.640   13923.983
       0.645   13918.859
       0.650   13913.415
       0.655   13908.336
       0.660   13903.040
       0.665   13897.558
       0.670   13892.031
       0.675   13886.379
       0.680   13880.629
       0.685   13874.817
       0.690   13868.917
       0.695   13862.910
       0.700   13856.832
       0.705   13850.660
       0.710   13844.398
       0.715   13838.046
       0.720   13831.601
       0.725   13825.078
       0.730   13818.479
       0.735   13811.781
       0.740   13805.017
       0.745   13798.150
       0.750   13791.209
       0.755   13784.160
       0.760   13777.036
       0.765   13769.822
       0.770   13762.543
       0.775   13755.090
       0.780   13747.653
       0.785   13740.038
       0.790   13732.504
       0.795   13724.751
       0.800   13716.949
       0.805   13709.030
       0.810   13701.062
       0.815   13692.977
       0.820   13684.831
       0.825   13676.578
       0.830   13668.291
       0.835   13659.825
       0.840   13651.326
       0.845   13642.721
       0.850   13634.072
       0.855   13625.284
       0.860   13616.465
       0.865   13607.504
       0.870   13598.527
       0.875   13589.373
       0.880   13580.210
       0.885   13570.888
       0.890   13561.546
       0.895   13552.051
       0.900   13542.528
       0.905   13532.858
       0.910   13523.184
       0.915   13513.304
       0.920   13503.379
       0.925   13494.479
       0.930   13483.520
       0.935   13473.692
       0.940   13463.073
       0.945   13452.814
       0.950   13442.256
       0.955   13432.643
       0.960   13421.687
       0.965   13411.316
       0.970   13400.028
       0.975   13389.438
       0.980   13378.306
       0.985   13367.328
       0.990   13356.137
       0.995   13344.969
       1.000   13333.270
